0,0,-0
0.001,2.2079e+012,-4.2227e+010
0.002,8.9115e+012,-1.8803e+011
0.003,2.0201e+013,-8.1504e+011
0.004,3.6238e+013,-1.5346e+012
0.005,5.7046e+013,-3.5207e+012
0.006,8.2891e+013,-5.2841e+012
0.007,1.1367e+014,-9.4615e+012
0.008,1.4981e+014,-1.2778e+013
0.009,1.9102e+014,-2.004e+013
0.01,2.3796e+014,-2.5462e+013
0.011,2.9008e+014,-3.6765e+013
0.012,3.4835e+014,-4.4887e+013
0.013,4.1187e+014,-6.1255e+013
0.014,4.82e+014,-7.2719e+013
0.015,5.5743e+014,-9.5246e+013
0.016,6.3998e+014,-1.1074e+014
0.017,7.2785e+014,-1.4059e+014
0.018,8.2339e+014,-1.6086e+014
0.019,9.2424e+014,-1.9928e+014
0.02,1.0334e+015,-2.2512e+014
0.021,1.1477e+015,-2.7343e+014
0.022,1.2711e+015,-3.0569e+014
0.023,1.3995e+015,-3.653e+014
0.024,1.5377e+015,-4.0488e+014
0.025,1.6808e+015,-4.7729e+014
0.026,1.8345e+015,-5.2518e+014
0.027,1.9929e+015,-6.1197e+014
0.028,2.1627e+015,-6.6918e+014
0.029,2.3371e+015,-7.7204e+014
0.03,2.5237e+015,-8.397e+014
0.031,2.7146e+015,-9.604e+014
0.032,2.9188e+015,-1.0397e+015
0.033,3.1269e+015,-1.1801e+015
0.034,3.3493e+015,-1.2722e+015
0.035,3.5754e+015,-1.4344e+015
0.036,3.8169e+015,-1.5407e+015
0.037,4.0615e+015,-1.7267e+015
0.038,4.3228e+015,-1.8487e+015
0.039,4.5868e+015,-2.0607e+015
0.04,4.8687e+015,-2.1998e+015
0.041,5.1527e+015,-2.4403e+015
0.042,5.456e+015,-2.598e+015
0.043,5.7609e+015,-2.8694e+015
0.044,6.0762e+015,-3.1602e+015
0.045,6.413e+015,-3.3523e+015
0.046,6.7502e+015,-3.6783e+015
0.047,7.1106e+015,-3.8937e+015
0.048,7.4706e+015,-4.2576e+015
0.049,7.8555e+015,-4.4982e+015
0.05,8.2392e+015,-4.9031e+015
0.051,8.6494e+015,-5.171e+015
0.052,9.0576e+015,-5.62e+015
0.053,9.4942e+015,-5.9173e+015
0.054,9.9278e+015,-6.4137e+015
0.055,1.0392e+016,-6.7427e+015
0.056,1.0852e+016,-7.2899e+015
0.057,1.1344e+016,-7.6531e+015
0.058,1.1831e+016,-8.2548e+015
0.059,1.2353e+016,-8.6547e+015
0.06,1.2868e+016,-9.3148e+015
0.061,1.3421e+016,-9.7539e+015
0.062,1.3965e+016,-1.0476e+016
0.063,1.4549e+016,-1.0958e+016
0.064,1.5123e+016,-1.1747e+016
0.065,1.574e+016,-1.2273e+016
0.066,1.6346e+016,-1.3133e+016
0.067,1.6996e+016,-1.3708e+016
0.068,1.7634e+016,-1.4644e+016
0.069,1.832e+016,-1.527e+016
0.07,1.8991e+016,-1.6286e+016
0.071,1.9714e+016,-1.6967e+016
0.072,2.0419e+016,-1.8069e+016
0.073,2.1179e+016,-1.8809e+016
0.074,2.192e+016,-2.0002e+016
0.075,2.2719e+016,-2.0804e+016
0.076,2.3497e+016,-2.2093e+016
0.077,2.4336e+016,-2.2961e+016
0.078,2.5152e+016,-2.4353e+016
0.079,2.6033e+016,-2.5292e+016
0.08,2.6887e+016,-2.6793e+016
0.081,2.7812e+016,-2.7806e+016
0.082,2.8707e+016,-2.9422e+016
0.083,2.9675e+016,-3.0515e+016
0.084,3.0612e+016,-3.2252e+016
0.085,3.1569e+016,-3.4064e+016
0.086,3.2607e+016,-3.5295e+016
0.087,3.3607e+016,-3.724e+016
0.088,3.4693e+016,-3.8564e+016
0.089,3.5739e+016,-4.0648e+016
0.09,3.6875e+016,-4.207e+016
0.091,3.7967e+016,-4.4303e+016
0.092,3.9154e+016,-4.5829e+016
0.093,4.0294e+016,-4.8218e+016
0.094,4.1534e+016,-4.9853e+016
0.095,4.2723e+016,-5.2408e+016
0.096,4.4018e+016,-5.4159e+016
0.097,4.5258e+016,-5.6887e+016
0.098,4.661e+016,-5.876e+016
0.099,4.7903e+016,-6.1671e+016
0.1,4.9313e+016,-6.3673e+016
0.101,5.0659e+016,-6.6778e+016
0.102,5.213e+016,-6.8916e+016
0.103,5.3532e+016,-7.2223e+016
0.104,5.5064e+016,-7.4505e+016
0.105,5.6523e+016,-7.8026e+016
0.106,5.812e+016,-8.0459e+016
0.107,5.9638e+016,-8.4205e+016
0.108,6.1301e+016,-8.6797e+016
0.109,6.2879e+016,-9.078e+016
0.11,6.4611e+016,-9.354e+016
0.111,6.6251e+016,-9.7771e+016
0.112,6.8053e+016,-1.0071e+017
0.113,6.9757e+016,-1.052e+017
0.114,7.1632e+016,-1.0832e+017
0.115,7.3402e+016,-1.1309e+017
0.116,7.5351e+016,-1.164e+017
0.117,7.7189e+016,-1.2146e+017
0.118,7.9215e+016,-1.2498e+017
0.119,8.1123e+016,-1.3034e+017
0.12,8.3228e+016,-1.3408e+017
0.121,8.5207e+016,-1.3975e+017
0.122,8.7394e+016,-1.4371e+017
0.123,8.9447e+016,-1.4971e+017
0.124,9.1717e+016,-1.5392e+017
0.125,9.3847e+016,-1.6027e+017
0.126,9.6203e+016,-1.6473e+017
0.127,9.8411e+016,-1.7144e+017
0.128,1.0066e+017,-1.7837e+017
0.129,1.0314e+017,-1.8325e+017
0.13,1.0547e+017,-1.9057e+017
0.131,1.0805e+017,-1.9574e+017
0.132,1.1046e+017,-2.0347e+017
0.133,1.1314e+017,-2.0894e+017
0.134,1.1563e+017,-2.171e+017
0.135,1.184e+017,-2.2287e+017
0.136,1.2099e+017,-2.3148e+017
0.137,1.2386e+017,-2.3759e+017
0.138,1.2653e+017,-2.4666e+017
0.139,1.2951e+017,-2.5311e+017
0.14,1.3228e+017,-2.6268e+017
0.141,1.3536e+017,-2.6948e+017
0.142,1.3822e+017,-2.7956e+017
0.143,1.4142e+017,-2.8674e+017
0.144,1.4438e+017,-2.9736e+017
0.145,1.4769e+017,-3.0494e+017
0.146,1.5074e+017,-3.1611e+017
0.147,1.5417e+017,-3.241e+017
0.148,1.5733e+017,-3.3586e+017
0.149,1.6087e+017,-3.4428e+017
0.15,1.6414e+017,-3.5665e+017
0.151,1.678e+017,-3.6552e+017
0.152,1.7117e+017,-3.7853e+017
0.153,1.7497e+017,-3.8787e+017
0.154,1.7845e+017,-4.0155e+017
0.155,1.8237e+017,-4.1138e+017
0.156,1.8597e+017,-4.2575e+017
0.157,1.9002e+017,-4.361e+017
0.158,1.9374e+017,-4.512e+017
0.159,1.9793e+017,-4.6208e+017
0.16,2.0176e+017,-4.7794e+017
0.161,2.0609e+017,-4.8938e+017
0.162,2.1005e+017,-5.0603e+017
0.163,2.1452e+017,-5.1806e+017
0.164,2.186e+017,-5.3553e+017
0.165,2.2322e+017,-5.4817e+017
0.166,2.2743e+017,-5.665e+017
0.167,2.322e+017,-5.7978e+017
0.168,2.3654e+017,-5.99e+017
0.169,2.4094e+017,-6.1876e+017
0.17,2.4595e+017,-6.331e+017
0.171,2.5048e+017,-6.5382e+017
0.172,2.5565e+017,-6.6888e+017
0.173,2.6032e+017,-6.9058e+017
0.174,2.6565e+017,-7.064e+017
0.175,2.7047e+017,-7.2913e+017
0.176,2.7597e+017,-7.4572e+017
0.177,2.8094e+017,-7.6953e+017
0.178,2.8661e+017,-7.8693e+017
0.179,2.9173e+017,-8.1186e+017
0.18,2.9758e+017,-8.301e+017
0.181,3.0285e+017,-8.562e+017
0.182,3.0888e+017,-8.7532e+017
0.183,3.1431e+017,-9.0263e+017
0.184,3.2053e+017,-9.2267e+017
0.185,3.2611e+017,-9.5125e+017
0.186,3.3253e+017,-9.7224e+017
0.187,3.3828e+017,-1.0021e+018
0.188,3.4489e+017,-1.0241e+018
0.189,3.5081e+017,-1.0554e+018
0.19,3.5763e+017,-1.0784e+018
0.191,3.6371e+017,-1.1111e+018
0.192,3.7074e+017,-1.1352e+018
0.193,3.77e+017,-1.1693e+018
0.194,3.8424e+017,-1.1946e+018
0.195,3.9068e+017,-1.2303e+018
0.196,3.9813e+017,-1.2566e+018
0.197,4.0476e+017,-1.2939e+018
0.198,4.1243e+017,-1.3215e+018
0.199,4.1925e+017,-1.3605e+018
0.2,4.2715e+017,-1.3894e+018
0.201,4.3416e+017,-1.4301e+018
0.202,4.423e+017,-1.4602e+018
0.203,4.495e+017,-1.5027e+018
0.204,4.5788e+017,-1.5342e+018
0.205,4.6528e+017,-1.5786e+018
0.206,4.739e+017,-1.6115e+018
0.207,4.815e+017,-1.6578e+018
0.208,4.9038e+017,-1.6923e+018
0.209,4.9819e+017,-1.7405e+018
0.21,5.0733e+017,-1.7765e+018
0.211,5.1535e+017,-1.8269e+018
0.212,5.2347e+017,-1.8785e+018
0.213,5.3299e+017,-1.917e+018
0.214,5.4133e+017,-1.9708e+018
0.215,5.5112e+017,-2.011e+018
0.216,5.5969e+017,-2.0671e+018
0.217,5.6976e+017,-2.1091e+018
0.218,5.7855e+017,-2.1676e+018
0.219,5.8891e+017,-2.2113e+018
0.22,5.9793e+017,-2.2723e+018
0.221,6.0858e+017,-2.318e+018
0.222,6.1784e+017,-2.3815e+018
0.223,6.2879e+017,-2.4291e+018
0.224,6.3829e+017,-2.4953e+018
0.225,6.4954e+017,-2.545e+018
0.226,6.593e+017,-2.6139e+018
0.227,6.7086e+017,-2.6658e+018
0.228,6.8086e+017,-2.7375e+018
0.229,6.9275e+017,-2.7916e+018
0.23,7.0301e+017,-2.8663e+018
0.231,7.1522e+017,-2.9226e+018
0.232,7.2574e+017,-3.0004e+018
0.233,7.3829e+017,-3.0591e+018
0.234,7.4908e+017,-3.1401e+018
0.235,7.6196e+017,-3.2013e+018
0.236,7.7303e+017,-3.2856e+018
0.237,7.8626e+017,-3.3493e+018
0.238,7.976e+017,-3.437e+018
0.239,8.1119e+017,-3.5034e+018
0.24,8.2282e+017,-3.5946e+018
0.241,8.3677e+017,-3.6637e+018
0.242,8.4868e+017,-3.7587e+018
0.243,8.6301e+017,-3.8306e+018
0.244,8.7522e+017,-3.9294e+018
0.245,8.8992e+017,-4.0043e+018
0.246,9.0243e+017,-4.107e+018
0.247,9.1752e+017,-4.185e+018
0.248,9.3033e+017,-4.2917e+018
0.249,9.4582e+017,-4.3729e+018
0.25,9.5894e+017,-4.4839e+018
0.251,9.7484e+017,-4.5683e+018
0.252,9.8827e+017,-4.6837e+018
0.253,1.0018e+018,-4.8017e+018
0.254,1.0183e+018,-4.8915e+018
0.255,1.0322e+018,-5.0141e+018
0.256,1.0491e+018,-5.1075e+018
0.257,1.0634e+018,-5.2349e+018
0.258,1.0807e+018,-5.3321e+018
0.259,1.0953e+018,-5.4644e+018
0.26,1.1131e+018,-5.5655e+018
0.261,1.128e+018,-5.7029e+018
0.262,1.1462e+018,-5.808e+018
0.263,1.1615e+018,-5.9508e+018
0.264,1.1802e+018,-6.06e+018
0.265,1.1958e+018,-6.2083e+018
0.266,1.215e+018,-6.3218e+018
0.267,1.2309e+018,-6.4757e+018
0.268,1.2506e+018,-6.5937e+018
0.269,1.2669e+018,-6.7536e+018
0.27,1.287e+018,-6.8762e+018
0.271,1.3037e+018,-7.0421e+018
0.272,1.3244e+018,-7.1695e+018
0.273,1.3414e+018,-7.3417e+018
0.274,1.3626e+018,-7.474e+018
0.275,1.38e+018,-7.6528e+018
0.276,1.4017e+018,-7.7903e+018
0.277,1.4195e+018,-7.9758e+018
0.278,1.4417e+018,-8.1185e+018
0.279,1.4599e+018,-8.311e+018
0.28,1.4827e+018,-8.4592e+018
0.281,1.5013e+018,-8.6589e+018
0.282,1.5246e+018,-8.8129e+018
0.283,1.5436e+018,-9.02e+018
0.284,1.5675e+018,-9.1798e+018
0.285,1.5869e+018,-9.3947e+018
0.286,1.6113e+018,-9.5606e+018
0.287,1.6311e+018,-9.7835e+018
0.288,1.6562e+018,-9.9556e+018
0.289,1.6764e+018,-1.0187e+019
0.29,1.702e+018,-1.0365e+019
0.291,1.7227e+018,-1.0605e+019
0.292,1.7489e+018,-1.0791e+019
0.293,1.77e+018,-1.1039e+019
0.294,1.7968e+018,-1.1231e+019
0.295,1.8183e+018,-1.1489e+019
0.296,1.84e+018,-1.1752e+019
0.297,1.8678e+018,-1.1956e+019
0.298,1.8899e+018,-1.2228e+019
0.299,1.9183e+018,-1.244e+019
0.3,1.9409e+018,-1.2722e+019
0.301,1.9699e+018,-1.2941e+019
0.302,1.9929e+018,-1.3234e+019
0.303,2.0226e+018,-1.3461e+019
0.304,2.0461e+018,-1.3765e+019
0.305,2.0765e+018,-1.4e+019
0.306,2.1005e+018,-1.4315e+019
0.307,2.1315e+018,-1.4559e+019
0.308,2.1559e+018,-1.4885e+019
0.309,2.1877e+018,-1.5138e+019
0.31,2.2126e+018,-1.5475e+019
0.311,2.2451e+018,-1.5738e+019
0.312,2.2704e+018,-1.6087e+019
0.313,2.3036e+018,-1.636e+019
0.314,2.3295e+018,-1.6721e+019
0.315,2.3634e+018,-1.7004e+019
0.316,2.3897e+018,-1.7378e+019
0.317,2.4244e+018,-1.7671e+019
0.318,2.4512e+018,-1.8059e+019
0.319,2.4867e+018,-1.8362e+019
0.32,2.514e+018,-1.8764e+019
0.321,2.5502e+018,-1.9078e+019
0.322,2.578e+018,-1.9494e+019
0.323,2.615e+018,-1.9819e+019
0.324,2.6433e+018,-2.025e+019
0.325,2.6811e+018,-2.0587e+019
0.326,2.7099e+018,-2.1033e+019
0.327,2.7485e+018,-2.1382e+019
0.328,2.7778e+018,-2.1843e+019
0.329,2.8172e+018,-2.2205e+019
0.33,2.8471e+018,-2.2682e+019
0.331,2.8873e+018,-2.3057e+019
0.332,2.9177e+018,-2.3551e+019
0.333,2.9588e+018,-2.3939e+019
0.334,2.9896e+018,-2.4451e+019
0.335,3.0316e+018,-2.4852e+019
0.336,3.063e+018,-2.5382e+019
0.337,3.0945e+018,-2.5922e+019
0.338,3.1377e+018,-2.6345e+019
0.339,3.1697e+018,-2.6904e+019
0.34,3.2138e+018,-2.7342e+019
0.341,3.2464e+018,-2.792e+019
0.342,3.2913e+018,-2.8375e+019
0.343,3.3244e+018,-2.8972e+019
0.344,3.3703e+018,-2.9443e+019
0.345,3.4039e+018,-3.0061e+019
0.346,3.4507e+018,-3.0548e+019
0.347,3.4848e+018,-3.1187e+019
0.348,3.5326e+018,-3.1691e+019
0.349,3.5672e+018,-3.2352e+019
0.35,3.6159e+018,-3.2873e+019
0.351,3.6511e+018,-3.3557e+019
0.352,3.7007e+018,-3.4096e+019
0.353,3.7364e+018,-3.4803e+019
0.354,3.787e+018,-3.5362e+019
0.355,3.8232e+018,-3.6093e+019
0.356,3.8748e+018,-3.6671e+019
0.357,3.9115e+018,-3.7426e+019
0.358,3.964e+018,-3.8024e+019
0.359,4.0013e+018,-3.8805e+019
0.36,4.0549e+018,-3.9424e+019
0.361,4.0926e+018,-4.0232e+019
0.362,4.1472e+018,-4.0871e+019
0.363,4.1854e+018,-4.1706e+019
0.364,4.241e+018,-4.2368e+019
0.365,4.2798e+018,-4.3231e+019
0.366,4.3364e+018,-4.3915e+019
0.367,4.3757e+018,-4.4808e+019
0.368,4.4334e+018,-4.5515e+019
0.369,4.4731e+018,-4.6437e+019
0.37,4.5319e+018,-4.7169e+019
0.371,4.5721e+018,-4.8122e+019
0.372,4.6319e+018,-4.8879e+019
0.373,4.6726e+018,-4.9864e+019
0.374,4.7335e+018,-5.0646e+019
0.375,4.7747e+018,-5.1664e+019
0.376,4.8367e+018,-5.2473e+019
0.377,4.8783e+018,-5.3524e+019
0.378,4.9414e+018,-5.436e+019
0.379,4.9835e+018,-5.5447e+019
0.38,5.0256e+018,-5.6554e+019
0.381,5.0902e+018,-5.7434e+019
0.382,5.1328e+018,-5.8577e+019
0.383,5.1984e+018,-5.9487e+019
0.384,5.2414e+018,-6.0669e+019
0.385,5.3082e+018,-6.161e+019
0.386,5.3516e+018,-6.2829e+019
0.387,5.4196e+018,-6.3802e+019
0.388,5.4634e+018,-6.5061e+019
0.389,5.5324e+018,-6.6067e+019
0.39,5.5766e+018,-6.7368e+019
0.391,5.6468e+018,-6.8407e+019
0.392,5.6913e+018,-6.975e+019
0.393,5.7627e+018,-7.0824e+019
0.394,5.8076e+018,-7.2212e+019
0.395,5.8801e+018,-7.3321e+019
0.396,5.9253e+018,-7.4754e+019
0.397,5.9989e+018,-7.59e+019
0.398,6.0445e+018,-7.738e+019
0.399,6.1193e+018,-7.8564e+019
0.4,6.1651e+018,-8.0092e+019
0.401,6.2411e+018,-8.1315e+019
0.402,6.2872e+018,-8.2893e+019
0.403,6.3643e+018,-8.4157e+019
0.404,6.4106e+018,-8.5786e+019
0.405,6.4889e+018,-8.7091e+019
0.406,6.5355e+018,-8.8773e+019
0.407,6.615e+018,-9.0121e+019
0.408,6.6618e+018,-9.1857e+019
0.409,6.7424e+018,-9.325e+019
0.41,6.7893e+018,-9.5042e+019
0.411,6.8711e+018,-9.6481e+019
0.412,6.9182e+018,-9.8331e+019
0.413,7.0012e+018,-9.9816e+019
0.414,7.0484e+018,-1.0173e+020
0.415,7.1325e+018,-1.0326e+020
0.416,7.1798e+018,-1.0523e+020
0.417,7.2651e+018,-1.0682e+020
0.418,7.3124e+018,-1.0885e+020
0.419,7.3989e+018,-1.1049e+020
0.42,7.4462e+018,-1.1258e+020
0.421,7.5338e+018,-1.1427e+020
0.422,7.5812e+018,-1.1644e+020
0.423,7.6282e+018,-1.1865e+020
0.424,7.7172e+018,-1.2042e+020
0.425,7.7641e+018,-1.227e+020
0.426,7.8542e+018,-1.2453e+020
0.427,7.901e+018,-1.2688e+020
0.428,7.9923e+018,-1.2877e+020
0.429,8.0389e+018,-1.3119e+020
0.43,8.1313e+018,-1.3314e+020
0.431,8.1777e+018,-1.3564e+020
0.432,8.2711e+018,-1.3766e+020
0.433,8.3173e+018,-1.4023e+020
0.434,8.4118e+018,-1.4232e+020
0.435,8.4577e+018,-1.4498e+020
0.436,8.5533e+018,-1.4712e+020
0.437,8.5987e+018,-1.4987e+020
0.438,8.6954e+018,-1.5208e+020
0.439,8.7405e+018,-1.5491e+020
0.44,8.8382e+018,-1.572e+020
0.441,8.8827e+018,-1.6012e+020
0.442,8.9815e+018,-1.6248e+020
0.443,9.0255e+018,-1.6549e+020
0.444,9.1253e+018,-1.6793e+020
0.445,9.1687e+018,-1.7104e+020
0.446,9.2695e+018,-1.7355e+020
0.447,9.3123e+018,-1.7675e+020
0.448,9.414e+018,-1.7935e+020
0.449,9.456e+018,-1.8265e+020
0.45,9.5587e+018,-1.8533e+020
0.451,9.6e+018,-1.8873e+020
0.452,9.7035e+018,-1.915e+020
0.453,9.744e+018,-1.9501e+020
0.454,9.8484e+018,-1.9786e+020
0.455,9.888e+018,-2.0148e+020
0.456,9.9932e+018,-2.0442e+020
0.457,1.0032e+019,-2.0816e+020
0.458,1.0138e+019,-2.1119e+020
0.459,1.0175e+019,-2.1504e+020
0.46,1.0282e+019,-2.1817e+020
0.461,1.0319e+019,-2.2214e+020
0.462,1.0426e+019,-2.2537e+020
0.463,1.0461e+019,-2.2946e+020
0.464,1.0496e+019,-2.3363e+020
0.465,1.0604e+019,-2.3701e+020
0.466,1.0637e+019,-2.4131e+020
0.467,1.0745e+019,-2.448e+020
0.468,1.0777e+019,-2.4923e+020
0.469,1.0886e+019,-2.5283e+020
0.47,1.0916e+019,-2.5739e+020
0.471,1.1026e+019,-2.6111e+020
0.472,1.1054e+019,-2.6581e+020
0.473,1.1165e+019,-2.6964e+020
0.474,1.1191e+019,-2.7449e+020
0.475,1.1302e+019,-2.7844e+020
0.476,1.1327e+019,-2.8344e+020
0.477,1.1439e+019,-2.8751e+020
0.478,1.1462e+019,-2.9266e+020
0.479,1.1574e+019,-2.9686e+020
0.48,1.1595e+019,-3.0217e+020
0.481,1.1707e+019,-3.065e+020
0.482,1.1726e+019,-3.1197e+020
0.483,1.1839e+019,-3.1644e+020
0.484,1.1856e+019,-3.2208e+020
0.485,1.1968e+019,-3.2669e+020
0.486,1.1983e+019,-3.325e+020
0.487,1.2096e+019,-3.3724e+020
0.488,1.2109e+019,-3.4323e+020
0.489,1.2222e+019,-3.4813e+020
0.49,1.2233e+019,-3.543e+020
0.491,1.2346e+019,-3.5934e+020
0.492,1.2354e+019,-3.657e+020
0.493,1.2467e+019,-3.709e+020
0.494,1.2473e+019,-3.7745e+020
0.495,1.2586e+019,-3.8282e+020
0.496,1.2589e+019,-3.8957e+020
0.497,1.2702e+019,-3.951e+020
0.498,1.2703e+019,-4.0205e+020
0.499,1.2816e+019,-4.0775e+020
0.5,1.2814e+019,-4.1491e+020
0.501,1.2926e+019,-4.2079e+020
0.502,1.2922e+019,-4.2817e+020
0.503,1.3034e+019,-4.3422e+020
0.504,1.3027e+019,-4.4183e+020
0.505,1.3139e+019,-4.4807e+020
0.506,1.3129e+019,-4.559e+020
0.507,1.3118e+019,-4.6387e+020
0.508,1.3229e+019,-4.704e+020
0.509,1.3214e+019,-4.7861e+020
0.51,1.3325e+019,-4.8535e+020
0.511,1.3308e+019,-4.938e+020
0.512,1.3418e+019,-5.0074e+020
0.513,1.3398e+019,-5.0945e+020
0.514,1.3508e+019,-5.166e+020
0.515,1.3485e+019,-5.2557e+020
0.516,1.3594e+019,-5.3294e+020
0.517,1.3569e+019,-5.4218e+020
0.518,1.3678e+019,-5.4977e+020
0.519,1.365e+019,-5.5928e+020
0.52,1.3758e+019,-5.6711e+020
0.521,1.3728e+019,-5.7691e+020
0.522,1.3836e+019,-5.8497e+020
0.523,1.3803e+019,-5.9506e+020
0.524,1.391e+019,-6.0337e+020
0.525,1.3875e+019,-6.1376e+020
0.526,1.3982e+019,-6.2232e+020
0.527,1.3944e+019,-6.3302e+020
0.528,1.4051e+019,-6.4184e+020
0.529,1.4011e+019,-6.5286e+020
0.53,1.4117e+019,-6.6195e+020
0.531,1.4076e+019,-6.7329e+020
0.532,1.4181e+019,-6.8265e+020
0.533,1.4138e+019,-6.9433e+020
0.534,1.4243e+019,-7.0398e+020
0.535,1.4198e+019,-7.1601e+020
0.536,1.4302e+019,-7.2594e+020
0.537,1.4257e+019,-7.3833e+020
0.538,1.4361e+019,-7.4856e+020
0.539,1.4314e+019,-7.6131e+020
0.54,1.4417e+019,-7.7185e+020
0.541,1.437e+019,-7.8498e+020
0.542,1.4473e+019,-7.9584e+020
0.543,1.4425e+019,-8.0936e+020
0.544,1.4528e+019,-8.2054e+020
0.545,1.448e+019,-8.3446e+020
0.546,1.4583e+019,-8.4597e+020
0.547,1.4534e+019,-8.603e+020
0.548,1.4487e+019,-8.7487e+020
0.549,1.4589e+019,-8.8691e+020
0.55,1.4543e+019,-9.0191e+020
0.551,1.4645e+019,-9.1431e+020
0.552,1.4599e+019,-9.2975e+020
0.553,1.4703e+019,-9.4253e+020
0.554,1.4658e+019,-9.5841e+020
0.555,1.4762e+019,-9.7158e+020
0.556,1.4718e+019,-9.8793e+020
0.557,1.4823e+019,-1.0015e+021
0.558,1.4782e+019,-1.0183e+021
0.559,1.4887e+019,-1.0323e+021
0.56,1.4848e+019,-1.0496e+021
0.561,1.4954e+019,-1.064e+021
0.562,1.4917e+019,-1.0818e+021
0.563,1.5024e+019,-1.0966e+021
0.564,1.4991e+019,-1.1149e+021
0.565,1.5099e+019,-1.1302e+021
0.566,1.5069e+019,-1.1491e+021
0.567,1.5179e+019,-1.1648e+021
0.568,1.5152e+019,-1.1842e+021
0.569,1.5264e+019,-1.2004e+021
0.57,1.5241e+019,-1.2204e+021
0.571,1.5354e+019,-1.237e+021
0.572,1.5336e+019,-1.2576e+021
0.573,1.545e+019,-1.2747e+021
0.574,1.5437e+019,-1.2959e+021
0.575,1.5553e+019,-1.3135e+021
0.576,1.5544e+019,-1.3353e+021
0.577,1.5663e+019,-1.3535e+021
0.578,1.5659e+019,-1.3759e+021
0.579,1.5781e+019,-1.3946e+021
0.58,1.5782e+019,-1.4177e+021
0.581,1.5906e+019,-1.4369e+021
0.582,1.5913e+019,-1.4606e+021
0.583,1.6039e+019,-1.4804e+021
0.584,1.6052e+019,-1.5049e+021
0.585,1.6181e+019,-1.5253e+021
0.586,1.6199e+019,-1.5504e+021
0.587,1.6332e+019,-1.5714e+021
0.588,1.6356e+019,-1.5973e+021
0.589,1.6491e+019,-1.6189e+021
0.59,1.6522e+019,-1.6455e+021
0.591,1.6559e+019,-1.6725e+021
0.592,1.6698e+019,-1.6951e+021
0.593,1.6741e+019,-1.7229e+021
0.594,1.6884e+019,-1.7462e+021
0.595,1.6933e+019,-1.7748e+021
0.596,1.7079e+019,-1.7987e+021
0.597,1.7136e+019,-1.8282e+021
0.598,1.7285e+019,-1.8528e+021
0.599,1.7348e+019,-1.8831e+021
0.6,1.7502e+019,-1.9084e+021
0.601,1.7572e+019,-1.9396e+021
0.602,1.7729e+019,-1.9656e+021
0.603,1.7806e+019,-1.9977e+021
0.604,1.7967e+019,-2.0245e+021
0.605,1.8051e+019,-2.0575e+021
0.606,1.8216e+019,-2.0851e+021
0.607,1.8307e+019,-2.119e+021
0.608,1.8477e+019,-2.1474e+021
0.609,1.8574e+019,-2.1823e+021
0.61,1.8748e+019,-2.2116e+021
0.611,1.8853e+019,-2.2475e+021
0.612,1.9031e+019,-2.2775e+021
0.613,1.9143e+019,-2.3145e+021
0.614,1.9326e+019,-2.3454e+021
0.615,1.9445e+019,-2.3834e+021
0.616,1.9632e+019,-2.4152e+021
0.617,1.9758e+019,-2.4543e+021
0.618,1.995e+019,-2.487e+021
0.619,2.0083e+019,-2.5272e+021
0.62,2.028e+019,-2.5609e+021
0.621,2.042e+019,-2.6023e+021
0.622,2.0621e+019,-2.6369e+021
0.623,2.0769e+019,-2.6794e+021
0.624,2.0975e+019,-2.7151e+021
0.625,2.113e+019,-2.7588e+021
0.626,2.1341e+019,-2.7955e+021
0.627,2.1503e+019,-2.8405e+021
0.628,2.1719e+019,-2.8782e+021
0.629,2.1889e+019,-2.9245e+021
0.63,2.2109e+019,-2.9633e+021
0.631,2.2286e+019,-3.0109e+021
0.632,2.2468e+019,-3.0592e+021
0.633,2.2696e+019,-3.0997e+021
0.634,2.2885e+019,-3.1494e+021
0.635,2.3118e+019,-3.1911e+021
0.636,2.3315e+019,-3.2422e+021
0.637,2.3554e+019,-3.2851e+021
0.638,2.3757e+019,-3.3376e+021
0.639,2.4001e+019,-3.3818e+021
0.64,2.4212e+019,-3.4358e+021
0.641,2.4462e+019,-3.4812e+021
0.642,2.4679e+019,-3.5367e+021
0.643,2.4935e+019,-3.5835e+021
0.644,2.516e+019,-3.6405e+021
0.645,2.5421e+019,-3.6886e+021
0.646,2.5654e+019,-3.7473e+021
0.647,2.5921e+019,-3.7967e+021
0.648,2.616e+019,-3.8571e+021
0.649,2.6433e+019,-3.9079e+021
0.65,2.668e+019,-3.97e+021
0.651,2.696e+019,-4.0223e+021
0.652,2.7214e+019,-4.086e+021
0.653,2.7499e+019,-4.1398e+021
0.654,2.7761e+019,-4.2054e+021
0.655,2.8052e+019,-4.2607e+021
0.656,2.8321e+019,-4.3282e+021
0.657,2.8619e+019,-4.3851e+021
0.658,2.8896e+019,-4.4544e+021
0.659,2.92e+019,-4.5129e+021
0.66,2.9484e+019,-4.5841e+021
0.661,2.9795e+019,-4.6443e+021
0.662,3.0087e+019,-4.7176e+021
0.663,3.0404e+019,-4.7795e+021
0.664,3.0703e+019,-4.8548e+021
0.665,3.1027e+019,-4.9184e+021
0.666,3.1335e+019,-4.9958e+021
0.667,3.1665e+019,-5.0613e+021
0.668,3.198e+019,-5.1408e+021
0.669,3.2318e+019,-5.2081e+021
0.67,3.2641e+019,-5.2899e+021
0.671,3.2986e+019,-5.3591e+021
0.672,3.3317e+019,-5.4432e+021
0.673,3.3668e+019,-5.5144e+021
0.674,3.4007e+019,-5.6008e+021
0.675,3.4351e+019,-5.6886e+021
0.676,3.4713e+019,-5.7628e+021
0.677,3.5065e+019,-5.853e+021
0.678,3.5435e+019,-5.9294e+021
0.679,3.5795e+019,-6.0221e+021
0.68,3.6173e+019,-6.1006e+021
0.681,3.6541e+019,-6.1959e+021
0.682,3.6926e+019,-6.2766e+021
0.683,3.7303e+019,-6.3746e+021
0.684,3.7696e+019,-6.4576e+021
0.685,3.8081e+019,-6.5582e+021
0.686,3.8482e+019,-6.6436e+021
0.687,3.8875e+019,-6.747e+021
0.688,3.9284e+019,-6.8348e+021
0.689,3.9686e+019,-6.9411e+021
0.69,4.0104e+019,-7.0313e+021
0.691,4.0515e+019,-7.1405e+021
0.692,4.094e+019,-7.2333e+021
0.693,4.136e+019,-7.3456e+021
0.694,4.1794e+019,-7.4409e+021
0.695,4.2223e+019,-7.5563e+021
0.696,4.2666e+019,-7.6543e+021
0.697,4.3104e+019,-7.7729e+021
0.698,4.3556e+019,-7.8737e+021
0.699,4.4003e+019,-7.9955e+021
0.7,4.4463e+019,-8.0991e+021
0.701,4.492e+019,-8.2244e+021
0.702,4.5389e+019,-8.3308e+021
0.703,4.5855e+019,-8.4595e+021
0.704,4.6334e+019,-8.569e+021
0.705,4.681e+019,-8.7012e+021
0.706,4.7298e+019,-8.8137e+021
0.707,4.7783e+019,-8.9497e+021
0.708,4.828e+019,-9.0653e+021
0.709,4.8776e+019,-9.205e+021
0.71,4.9283e+019,-9.3238e+021
0.711,4.9788e+019,-9.4673e+021
0.712,5.0305e+019,-9.5895e+021
0.713,5.082e+019,-9.737e+021
0.714,5.1347e+019,-9.8625e+021
0.715,5.1873e+019,-1.0014e+022
0.716,5.2404e+019,-1.0168e+022
0.717,5.2946e+019,-1.0299e+022
0.718,5.3488e+019,-1.0457e+022
0.719,5.404e+019,-1.0591e+022
0.72,5.4592e+019,-1.0755e+022
0.721,5.5155e+019,-1.0893e+022
0.722,5.5718e+019,-1.1061e+022
0.723,5.6291e+019,-1.1203e+022
0.724,5.6865e+019,-1.1377e+022
0.725,5.7449e+019,-1.1524e+022
0.726,5.8034e+019,-1.1703e+022
0.727,5.8629e+019,-1.1854e+022
0.728,5.9225e+019,-1.2039e+022
0.729,5.9831e+019,-1.2195e+022
0.73,6.0438e+019,-1.2386e+022
0.731,6.1055e+019,-1.2546e+022
0.732,6.1674e+019,-1.2743e+022
0.733,6.2303e+019,-1.2908e+022
0.734,6.2934e+019,-1.3111e+022
0.735,6.3574e+019,-1.3281e+022
0.736,6.4217e+019,-1.349e+022
0.737,6.4869e+019,-1.3665e+022
0.738,6.5523e+019,-1.388e+022
0.739,6.6188e+019,-1.406e+022
0.74,6.6855e+019,-1.4281e+022
0.741,6.7531e+019,-1.4467e+022
0.742,6.821e+019,-1.4694e+022
0.743,6.8899e+019,-1.4886e+022
0.744,6.9591e+019,-1.512e+022
0.745,7.0293e+019,-1.5316e+022
0.746,7.0998e+019,-1.5557e+022
0.747,7.1712e+019,-1.5759e+022
0.748,7.243e+019,-1.6006e+022
0.749,7.3157e+019,-1.6215e+022
0.75,7.3888e+019,-1.6469e+022
0.751,7.4628e+019,-1.6683e+022
0.752,7.5372e+019,-1.6944e+022
0.753,7.6126e+019,-1.7164e+022
0.754,7.6884e+019,-1.7433e+022
0.755,7.7651e+019,-1.7659e+022
0.756,7.8423e+019,-1.7935e+022
0.757,7.9204e+019,-1.8167e+022
0.758,7.9989e+019,-1.8451e+022
0.759,8.0782e+019,-1.8739e+022
0.76,8.1584e+019,-1.8981e+022
0.761,8.2391e+019,-1.9277e+022
0.762,8.3207e+019,-1.9525e+022
0.763,8.4028e+019,-1.983e+022
0.764,8.4859e+019,-2.0086e+022
0.765,8.5695e+019,-2.0397e+022
0.766,8.654e+019,-2.066e+022
0.767,8.7391e+019,-2.0979e+022
0.768,8.825e+019,-2.125e+022
0.769,8.9116e+019,-2.1578e+022
0.77,8.9991e+019,-2.1856e+022
0.771,9.0872e+019,-2.2192e+022
0.772,9.1762e+019,-2.2477e+022
0.773,9.2658e+019,-2.2822e+022
0.774,9.3564e+019,-2.3115e+022
0.775,9.4476e+019,-2.3469e+022
0.776,9.5397e+019,-2.3771e+022
0.777,9.6325e+019,-2.4133e+022
0.778,9.7262e+019,-2.4443e+022
0.779,9.8205e+019,-2.4815e+022
0.78,9.9158e+019,-2.5133e+022
0.781,1.0012e+020,-2.5514e+022
0.782,1.0109e+020,-2.5841e+022
0.783,1.0206e+020,-2.6232e+022
0.784,1.0305e+020,-2.6567e+022
0.785,1.0404e+020,-2.6968e+022
0.786,1.0504e+020,-2.7313e+022
0.787,1.0605e+020,-2.7724e+022
0.788,1.0707e+020,-2.8077e+022
0.789,1.081e+020,-2.8499e+022
0.79,1.0914e+020,-2.8862e+022
0.791,1.1018e+020,-2.9294e+022
0.792,1.1123e+020,-2.9666e+022
0.793,1.123e+020,-3.0109e+022
0.794,1.1337e+020,-3.0492e+022
0.795,1.1445e+020,-3.0945e+022
0.796,1.1553e+020,-3.1338e+022
0.797,1.1663e+020,-3.1803e+022
0.798,1.1774e+020,-3.2206e+022
0.799,1.1885e+020,-3.2683e+022
0.8,1.1998e+020,-3.3096e+022
0.801,1.2111e+020,-3.3584e+022
0.802,1.2225e+020,-3.4081e+022
0.803,1.234e+020,-3.4509e+022
0.804,1.2456e+020,-3.5018e+022
0.805,1.2574e+020,-3.546e+022
0.806,1.2691e+020,-3.5979e+022
0.807,1.281e+020,-3.6432e+022
0.808,1.293e+020,-3.6964e+022
0.809,1.3051e+020,-3.7428e+022
0.81,1.3173e+020,-3.7973e+022
0.811,1.3296e+020,-3.845e+022
0.812,1.3419e+020,-3.9008e+022
0.813,1.3544e+020,-3.9498e+022
0.814,1.367e+020,-4.0069e+022
0.815,1.3796e+020,-4.0571e+022
0.816,1.3924e+020,-4.1157e+022
0.817,1.4053e+020,-4.1672e+022
0.818,1.4182e+020,-4.2272e+022
0.819,1.4313e+020,-4.28e+022
0.82,1.4444e+020,-4.3414e+022
0.821,1.4577e+020,-4.3956e+022
0.822,1.4711e+020,-4.4585e+022
0.823,1.4845e+020,-4.5141e+022
0.824,1.4981e+020,-4.5785e+022
0.825,1.5118e+020,-4.6356e+022
0.826,1.5256e+020,-4.7016e+022
0.827,1.5394e+020,-4.7601e+022
0.828,1.5534e+020,-4.8276e+022
0.829,1.5675e+020,-4.8876e+022
0.83,1.5817e+020,-4.9568e+022
0.831,1.596e+020,-5.0184e+022
0.832,1.6104e+020,-5.0892e+022
0.833,1.6249e+020,-5.1524e+022
0.834,1.6395e+020,-5.2249e+022
0.835,1.6543e+020,-5.2897e+022
0.836,1.6691e+020,-5.3639e+022
0.837,1.684e+020,-5.4304e+022
0.838,1.6991e+020,-5.5064e+022
0.839,1.7142e+020,-5.5746e+022
0.84,1.7295e+020,-5.6525e+022
0.841,1.7449e+020,-5.7224e+022
0.842,1.7604e+020,-5.8021e+022
0.843,1.776e+020,-5.8833e+022
0.844,1.7917e+020,-5.9555e+022
0.845,1.8075e+020,-6.0386e+022
0.846,1.8234e+020,-6.1126e+022
0.847,1.8395e+020,-6.1978e+022
0.848,1.8556e+020,-6.2741e+022
0.849,1.8719e+020,-6.3609e+022
0.85,1.8883e+020,-6.4392e+022
0.851,1.9048e+020,-6.5281e+022
0.852,1.9214e+020,-6.6084e+022
0.853,1.9381e+020,-6.6994e+022
0.854,1.9549e+020,-6.7818e+022
0.855,1.9719e+020,-6.875e+022
0.856,1.9889e+020,-6.9596e+022
0.857,2.0061e+020,-7.0551e+022
0.858,2.0234e+020,-7.1418e+022
0.859,2.0408e+020,-7.2396e+022
0.86,2.0583e+020,-7.3286e+022
0.861,2.0759e+020,-7.4288e+022
0.862,2.0937e+020,-7.5201e+022
0.863,2.1115e+020,-7.6227e+022
0.864,2.1295e+020,-7.7164e+022
0.865,2.1476e+020,-7.8215e+022
0.866,2.1658e+020,-7.9177e+022
0.867,2.1841e+020,-8.0254e+022
0.868,2.2026e+020,-8.1241e+022
0.869,2.2211e+020,-8.2345e+022
0.87,2.2398e+020,-8.3358e+022
0.871,2.2586e+020,-8.4489e+022
0.872,2.2775e+020,-8.5529e+022
0.873,2.2965e+020,-8.6689e+022
0.874,2.3157e+020,-8.7757e+022
0.875,2.3349e+020,-8.8946e+022
0.876,2.3543e+020,-9.0042e+022
0.877,2.3738e+020,-9.1261e+022
0.878,2.3934e+020,-9.2387e+022
0.879,2.4131e+020,-9.3637e+022
0.88,2.433e+020,-9.4794e+022
0.881,2.4529e+020,-9.6076e+022
0.882,2.473e+020,-9.7264e+022
0.883,2.4932e+020,-9.858e+022
0.884,2.5135e+020,-9.9801e+022
0.885,2.5339e+020,-1.0115e+023
0.886,2.5544e+020,-1.0253e+023
0.887,2.575e+020,-1.0379e+023
0.888,2.5958e+020,-1.052e+023
0.889,2.6167e+020,-1.0651e+023
0.89,2.6377e+020,-1.0796e+023
0.891,2.6588e+020,-1.093e+023
0.892,2.68e+020,-1.1078e+023
0.893,2.7013e+020,-1.1217e+023
0.894,2.7227e+020,-1.1369e+023
0.895,2.7443e+020,-1.1512e+023
0.896,2.766e+020,-1.1668e+023
0.897,2.7877e+020,-1.1815e+023
0.898,2.8096e+020,-1.1976e+023
0.899,2.8316e+020,-1.2127e+023
0.9,2.8537e+020,-1.2293e+023
0.901,2.8759e+020,-1.2449e+023
0.902,2.8982e+020,-1.262e+023
0.903,2.9207e+020,-1.278e+023
0.904,2.9432e+020,-1.2956e+023
0.905,2.9658e+020,-1.3122e+023
0.906,2.9886e+020,-1.3303e+023
0.907,3.0114e+020,-1.3474e+023
0.908,3.0344e+020,-1.3661e+023
0.909,3.0574e+020,-1.3838e+023
0.91,3.0806e+020,-1.403e+023
0.911,3.1039e+020,-1.4213e+023
0.912,3.1272e+020,-1.4412e+023
0.913,3.1507e+020,-1.4601e+023
0.914,3.1742e+020,-1.4807e+023
0.915,3.1979e+020,-1.5002e+023
0.916,3.2217e+020,-1.5215e+023
0.917,3.2455e+020,-1.5418e+023
0.918,3.2694e+020,-1.5638e+023
0.919,3.2935e+020,-1.5848e+023
0.92,3.3176e+020,-1.6076e+023
0.921,3.3418e+020,-1.6295e+023
0.922,3.3661e+020,-1.6531e+023
0.923,3.3905e+020,-1.6759e+023
0.924,3.415e+020,-1.7004e+023
0.925,3.4396e+020,-1.7241e+023
0.926,3.4642e+020,-1.7496e+023
0.927,3.489e+020,-1.7758e+023
0.928,3.5138e+020,-1.8009e+023
0.929,3.5387e+020,-1.8281e+023
0.93,3.5636e+020,-1.8543e+023
0.931,3.5887e+020,-1.8828e+023
0.932,3.6138e+020,-1.9103e+023
0.933,3.639e+020,-1.9399e+023
0.934,3.6642e+020,-1.9687e+023
0.935,3.6896e+020,-1.9997e+023
0.936,3.715e+020,-2.03e+023
0.937,3.7404e+020,-2.0625e+023
0.938,3.7659e+020,-2.0944e+023
0.939,3.7915e+020,-2.1286e+023
0.94,3.8171e+020,-2.1621e+023
0.941,3.8428e+020,-2.1982e+023
0.942,3.8686e+020,-2.2336e+023
0.943,3.8944e+020,-2.2717e+023
0.944,3.9202e+020,-2.3092e+023
0.945,3.9461e+020,-2.3495e+023
0.946,3.9721e+020,-2.3894e+023
0.947,3.998e+020,-2.4322e+023
0.948,4.0241e+020,-2.4747e+023
0.949,4.0501e+020,-2.5202e+023
0.95,4.0762e+020,-2.5656e+023
0.951,4.1023e+020,-2.6143e+023
0.952,4.1285e+020,-2.663e+023
0.953,4.1546e+020,-2.7152e+023
0.954,4.1808e+020,-2.7676e+023
0.955,4.2071e+020,-2.8238e+023
0.956,4.2333e+020,-2.8805e+023
0.957,4.2595e+020,-2.9412e+023
0.958,4.2858e+020,-3.0027e+023
0.959,4.312e+020,-3.0687e+023
0.96,4.3383e+020,-3.1358e+023
0.961,4.3646e+020,-3.2079e+023
0.962,4.3908e+020,-3.2814e+023
0.963,4.4171e+020,-3.3606e+023
0.964,4.4433e+020,-3.4417e+023
0.965,4.4695e+020,-3.5291e+023
0.966,4.4957e+020,-3.6192e+023
0.967,4.5219e+020,-3.7165e+023
0.968,4.5481e+020,-3.8172e+023
0.969,4.5742e+020,-3.9263e+023
0.97,4.6003e+020,-4.0424e+023
0.971,4.6263e+020,-4.1632e+023
0.972,4.6524e+020,-4.2951e+023
0.973,4.6783e+020,-4.4336e+023
0.974,4.7042e+020,-4.5847e+023
0.975,4.7301e+020,-4.7449e+023
0.976,4.7559e+020,-4.9205e+023
0.977,4.7817e+020,-5.1082e+023
0.978,4.8073e+020,-5.3152e+023
0.979,4.8329e+020,-5.5384e+023
0.98,4.8584e+020,-5.7864e+023
0.981,4.8839e+020,-6.0567e+023
0.982,4.9092e+020,-6.3597e+023
0.983,4.9345e+020,-6.6943e+023
0.984,4.9596e+020,-7.0736e+023
0.985,4.9847e+020,-7.4989e+023
0.986,5.0096e+020,-7.9883e+023
0.987,5.0345e+020,-8.548e+023
0.988,5.0592e+020,-9.2045e+023
0.989,5.0838e+020,-9.9747e+023
0.99,5.1082e+020,-1.0903e+024
0.991,5.1325e+020,-1.2031e+024
0.992,5.1567e+020,-1.3447e+024
0.993,5.1808e+020,-1.5258e+024
0.994,5.2046e+020,-1.7679e+024
0.995,5.2284e+020,-2.1058e+024
0.996,5.2519e+020,-2.6137e+024
0.997,5.2753e+020,-3.4582e+024
0.998,5.2985e+020,-5.1492e+024
0.999,5.3216e+020,-1.0217e+025
1,5.3444e+020,Inf
1.001,5.3671e+020,1.0057e+025
1.002,5.3895e+020,4.9887e+024
1.003,5.4118e+020,3.2978e+024
1.004,5.4338e+020,2.4532e+024
1.005,5.4556e+020,1.9456e+024
1.006,5.4772e+020,1.6077e+024
1.007,5.4986e+020,1.3657e+024
1.008,5.5197e+020,1.1846e+024
1.009,5.5405e+020,1.0433e+024
1.01,5.5612e+020,9.3062e+023
1.011,5.5815e+020,8.3841e+023
1.012,5.6016e+020,7.6114e+023
1.013,5.6214e+020,6.9609e+023
1.014,5.6409e+020,6.3998e+023
1.015,5.6602e+020,5.9163e+023
1.016,5.6792e+020,5.4907e+023
1.017,5.6978e+020,5.1169e+023
1.018,5.7161e+020,4.7827e+023
1.019,5.7342e+020,4.4853e+023
1.02,5.7519e+020,4.216e+023
1.021,5.7693e+020,3.9737e+023
1.022,5.7863e+020,3.752e+023
1.023,5.803e+020,3.5508e+023
1.024,5.8193e+020,3.3652e+023
1.025,5.8353e+020,3.1956e+023
1.026,5.8509e+020,3.0379e+023
1.027,5.8662e+020,2.8929e+023
1.028,5.8811e+020,2.7574e+023
1.029,5.8955e+020,2.6321e+023
1.03,5.9096e+020,2.5143e+023
1.031,5.9233e+020,2.405e+023
1.032,5.9366e+020,2.3018e+023
1.033,5.9494e+020,2.2057e+023
1.034,5.9619e+020,2.1145e+023
1.035,5.9739e+020,2.0293e+023
1.036,5.9855e+020,1.9483e+023
1.037,5.9966e+020,1.8723e+023
1.038,6.0073e+020,1.7998e+023
1.039,6.0175e+020,1.7316e+023
1.04,6.0272e+020,1.6664e+023
1.041,6.0365e+020,1.605e+023
1.042,6.0453e+020,1.5461e+023
1.043,6.0536e+020,1.4905e+023
1.044,6.0615e+020,1.4371e+023
1.045,6.0688e+020,1.3865e+023
1.046,6.0756e+020,1.3379e+023
1.047,6.0819e+020,1.2918e+023
1.048,6.0877e+020,1.2474e+023
1.049,6.093e+020,1.2052e+023
1.05,6.0977e+020,1.1645e+023
1.051,6.102e+020,1.1257e+023
1.052,6.1056e+020,1.0883e+023
1.053,6.1087e+020,1.0527e+023
1.054,6.1113e+020,1.0186e+023
1.055,6.1133e+020,9.8537e+022
1.056,6.1148e+020,9.5385e+022
1.057,6.1157e+020,9.2324e+022
1.058,6.116e+020,8.9403e+022
1.059,6.1157e+020,8.6568e+022
1.06,6.1149e+020,8.386e+022
1.061,6.1134e+020,8.1231e+022
1.062,6.1114e+020,7.8716e+022
1.063,6.1088e+020,7.6273e+022
1.064,6.1056e+020,7.3935e+022
1.065,6.1018e+020,7.1662e+022
1.066,6.0973e+020,6.9485e+022
1.067,6.0923e+020,6.7367e+022
1.068,6.0867e+020,6.5337e+022
1.069,6.0804e+020,6.3361e+022
1.07,6.0735e+020,6.1466e+022
1.071,6.066e+020,5.9621e+022
1.072,6.0579e+020,5.785e+022
1.073,6.0492e+020,5.6125e+022
1.074,6.0398e+020,5.4469e+022
1.075,6.0299e+020,5.2855e+022
1.076,6.0192e+020,5.1304e+022
1.077,6.008e+020,4.9792e+022
1.078,5.9961e+020,4.8338e+022
1.079,5.9836e+020,4.6922e+022
1.08,5.9705e+020,4.5559e+022
1.081,5.9568e+020,4.423e+022
1.082,5.9424e+020,4.2951e+022
1.083,5.9274e+020,4.1703e+022
1.084,5.9118e+020,4.0502e+022
1.085,5.8955e+020,3.9331e+022
1.086,5.8786e+020,3.8202e+022
1.087,5.8611e+020,3.7101e+022
1.088,5.843e+020,3.6041e+022
1.089,5.8243e+020,3.5006e+022
1.09,5.805e+020,3.4008e+022
1.091,5.785e+020,3.3034e+022
1.092,5.7645e+020,3.2095e+022
1.093,5.7433e+020,3.1179e+022
1.094,5.7216e+020,3.0295e+022
1.095,5.6993e+020,2.944e+022
1.096,5.6763e+020,2.8601e+022
1.097,5.6528e+020,2.7795e+022
1.098,5.6287e+020,2.7004e+022
1.099,5.6041e+020,2.6245e+022
1.1,5.5789e+020,2.5502e+022
1.101,5.5531e+020,2.4785e+022
1.102,5.5268e+020,2.4084e+022
1.103,5.4999e+020,2.3408e+022
1.104,5.4725e+020,2.2748e+022
1.105,5.4445e+020,2.211e+022
1.106,5.4161e+020,2.1487e+022
1.107,5.3871e+020,2.0886e+022
1.108,5.3576e+020,2.0299e+022
1.109,5.3276e+020,1.9731e+022
1.11,5.2971e+020,1.9177e+022
1.111,5.2662e+020,1.8641e+022
1.112,5.2347e+020,1.8119e+022
1.113,5.2028e+020,1.7613e+022
1.114,5.1705e+020,1.712e+022
1.115,5.1377e+020,1.6643e+022
1.116,5.1045e+020,1.6177e+022
1.117,5.0708e+020,1.5727e+022
1.118,5.0368e+020,1.5287e+022
1.119,5.0023e+020,1.4862e+022
1.12,4.9675e+020,1.4446e+022
1.121,4.9323e+020,1.4045e+022
1.122,4.8967e+020,1.3653e+022
1.123,4.8607e+020,1.3273e+022
1.124,4.8245e+020,1.2903e+022
1.125,4.7878e+020,1.2545e+022
1.126,4.7509e+020,1.2195e+022
1.127,4.7136e+020,1.1856e+022
1.128,4.6761e+020,1.1526e+022
1.129,4.6383e+020,1.1206e+022
1.13,4.6002e+020,1.0894e+022
1.131,4.5618e+020,1.0592e+022
1.132,4.5232e+020,1.0297e+022
1.133,4.4843e+020,1.0012e+022
1.134,4.4453e+020,9.7331e+021
1.135,4.406e+020,9.4632e+021
1.136,4.3665e+020,9.2001e+021
1.137,4.3268e+020,8.945e+021
1.138,4.287e+020,8.6978e+021
1.139,4.247e+020,8.4553e+021
1.14,4.2069e+020,8.2217e+021
1.141,4.1666e+020,7.9925e+021
1.142,4.1262e+020,7.7717e+021
1.143,4.0857e+020,7.5557e+021
1.144,4.0451e+020,7.3464e+021
1.145,4.0044e+020,7.1422e+021
1.146,3.9636e+020,6.9444e+021
1.147,3.9228e+020,6.7514e+021
1.148,3.8819e+020,6.5645e+021
1.149,3.841e+020,6.3821e+021
1.15,3.8e+020,6.2053e+021
1.151,3.7591e+020,6.0329e+021
1.152,3.7181e+020,5.8658e+021
1.153,3.6772e+020,5.7029e+021
1.154,3.6362e+020,5.5449e+021
1.155,3.5953e+020,5.3909e+021
1.156,3.5545e+020,5.2416e+021
1.157,3.5137e+020,5.096e+021
1.158,3.473e+020,4.9548e+021
1.159,3.4323e+020,4.8172e+021
1.16,3.3917e+020,4.6837e+021
1.161,3.3513e+020,4.5537e+021
1.162,3.3109e+020,4.4275e+021
1.163,3.2707e+020,4.3045e+021
1.164,3.2305e+020,4.1852e+021
1.165,3.1905e+020,4.069e+021
1.166,3.1507e+020,3.9562e+021
1.167,3.111e+020,3.8463e+021
1.168,3.0715e+020,3.7397e+021
1.169,3.0321e+020,3.6358e+021
1.17,2.9929e+020,3.535e+021
1.171,2.954e+020,3.4368e+021
1.172,2.9151e+020,3.3415e+021
1.173,2.8766e+020,3.2486e+021
1.174,2.8382e+020,3.1585e+021
1.175,2.8e+020,3.0708e+021
1.176,2.7621e+020,2.9856e+021
1.177,2.7244e+020,2.9026e+021
1.178,2.6869e+020,2.8221e+021
1.179,2.6497e+020,2.744e+021
1.18,2.6127e+020,2.6675e+021
1.181,2.576e+020,2.5937e+021
1.182,2.5396e+020,2.5213e+021
1.183,2.5034e+020,2.4516e+021
1.184,2.4675e+020,2.3834e+021
1.185,2.4319e+020,2.3172e+021
1.186,2.3966e+020,2.2528e+021
1.187,2.3615e+020,2.1902e+021
1.188,2.3267e+020,2.1293e+021
1.189,2.2923e+020,2.0702e+021
1.19,2.2581e+020,2.0126e+021
1.191,2.2242e+020,1.9566e+021
1.192,2.1907e+020,1.9022e+021
1.193,2.1574e+020,1.8493e+021
1.194,2.1245e+020,1.7979e+021
1.195,2.0919e+020,1.7479e+021
1.196,2.0596e+020,1.6993e+021
1.197,2.0276e+020,1.652e+021
1.198,1.996e+020,1.606e+021
1.199,1.9646e+020,1.5614e+021
1.2,1.9336e+020,1.5179e+021
1.201,1.9029e+020,1.4757e+021
1.202,1.8726e+020,1.4346e+021
1.203,1.8426e+020,1.3947e+021
1.204,1.8129e+020,1.3558e+021
1.205,1.7836e+020,1.3181e+021
1.206,1.7546e+020,1.2814e+021
1.207,1.7259e+020,1.2457e+021
1.208,1.6976e+020,1.211e+021
1.209,1.6695e+020,1.1773e+021
1.21,1.6419e+020,1.1445e+021
1.211,1.6146e+020,1.1126e+021
1.212,1.5876e+020,1.0816e+021
1.213,1.5609e+020,1.0514e+021
1.214,1.5346e+020,1.0221e+021
1.215,1.5086e+020,9.9365e+020
1.216,1.483e+020,9.6595e+020
1.217,1.4576e+020,9.3902e+020
1.218,1.4326e+020,9.1284e+020
1.219,1.4079e+020,8.8738e+020
1.22,1.3836e+020,8.6264e+020
1.221,1.3596e+020,8.3857e+020
1.222,1.336e+020,8.1525e+020
1.223,1.3126e+020,7.9244e+020
1.224,1.2896e+020,7.704e+020
1.225,1.2668e+020,7.4883e+020
1.226,1.2445e+020,7.28e+020
1.227,1.2225e+020,7.0767e+020
1.228,1.2007e+020,6.8792e+020
1.229,1.1793e+020,6.6871e+020
1.23,1.1581e+020,6.5004e+020
1.231,1.1373e+020,6.3189e+020
1.232,1.1168e+020,6.1424e+020
1.233,1.0966e+020,5.9709e+020
1.234,1.0767e+020,5.8041e+020
1.235,1.0571e+020,5.6419e+020
1.236,1.0378e+020,5.4843e+020
1.237,1.0188e+020,5.331e+020
1.238,1.0001e+020,5.182e+020
1.239,9.8169e+019,5.0372e+020
1.24,9.6353e+019,4.8964e+020
1.241,9.4572e+019,4.7595e+020
1.242,9.2811e+019,4.6264e+020
1.243,9.1086e+019,4.4971e+020
1.244,8.9382e+019,4.3713e+020
1.245,8.7712e+019,4.249e+020
1.246,8.6062e+019,4.1301e+020
1.247,8.4446e+019,4.0146e+020
1.248,8.2849e+019,3.9023e+020
1.249,8.1286e+019,3.7931e+020
1.25,7.9741e+019,3.6869e+020
1.251,7.8229e+019,3.5838e+020
1.252,7.6735e+019,3.4834e+020
1.253,7.5274e+019,3.3859e+020
1.254,7.3829e+019,3.2911e+020
1.255,7.2417e+019,3.199e+020
1.256,7.1021e+019,3.1093e+020
1.257,6.9657e+019,3.0223e+020
1.258,6.8308e+019,2.9376e+020
1.259,6.699e+019,2.8553e+020
1.26,6.5687e+019,2.7753e+020
1.261,6.4415e+019,2.6976e+020
1.262,6.3157e+019,2.6219e+020
1.263,6.1929e+019,2.5485e+020
1.264,6.0715e+019,2.477e+020
1.265,5.953e+019,2.4077e+020
1.266,5.8357e+019,2.34e+020
1.267,5.7215e+019,2.2746e+020
1.268,5.6091e+019,2.2108e+020
1.269,5.4981e+019,2.1488e+020
1.27,5.3898e+019,2.0886e+020
1.271,5.2827e+019,2.03e+020
1.272,5.1782e+019,1.973e+020
1.273,5.075e+019,1.9176e+020
1.274,4.9743e+019,1.8638e+020
1.275,4.8748e+019,1.8115e+020
1.276,4.7777e+019,1.7607e+020
1.277,4.6818e+019,1.7112e+020
1.278,4.5882e+019,1.6632e+020
1.279,4.4958e+019,1.6165e+020
1.28,4.4057e+019,1.5711e+020
1.281,4.3166e+019,1.527e+020
1.282,4.2298e+019,1.4841e+020
1.283,4.144e+019,1.4424e+020
1.284,4.0604e+019,1.4019e+020
1.285,3.9777e+019,1.3625e+020
1.286,3.8973e+019,1.3242e+020
1.287,3.8176e+019,1.287e+020
1.288,3.7402e+019,1.2508e+020
1.289,3.6635e+019,1.2156e+020
1.29,3.5889e+019,1.1815e+020
1.291,3.5151e+019,1.1482e+020
1.292,3.4433e+019,1.116e+020
1.293,3.3723e+019,1.0846e+020
1.294,3.3032e+019,1.0541e+020
1.295,3.2348e+019,1.0244e+020
1.296,3.1683e+019,9.9561e+019
1.297,3.1025e+019,9.6757e+019
1.298,3.0386e+019,9.4037e+019
1.299,2.9752e+019,9.1387e+019
1.3,2.9137e+019,8.8818e+019
1.301,2.8528e+019,8.6315e+019
1.302,2.7936e+019,8.3887e+019
1.303,2.735e+019,8.1523e+019
1.304,2.6781e+019,7.9229e+019
1.305,2.6217e+019,7.6995e+019
1.306,2.567e+019,7.4832e+019
1.307,2.5127e+019,7.2718e+019
1.308,2.4601e+019,7.0675e+019
1.309,2.4079e+019,6.8678e+019
1.31,2.3574e+019,6.6748e+019
1.311,2.3077e+019,6.4868e+019
1.312,2.2586e+019,6.3038e+019
1.313,2.2108e+019,6.1262e+019
1.314,2.1636e+019,5.9533e+019
1.315,2.1177e+019,5.7856e+019
1.316,2.0723e+019,5.6223e+019
1.317,2.0282e+019,5.4638e+019
1.318,1.9846e+019,5.3095e+019
1.319,1.9422e+019,5.1598e+019
1.32,1.9002e+019,5.0141e+019
1.321,1.8595e+019,4.8727e+019
1.322,1.8192e+019,4.7351e+019
1.323,1.7801e+019,4.6015e+019
1.324,1.7414e+019,4.4715e+019
1.325,1.7038e+019,4.3453e+019
1.326,1.6666e+019,4.2225e+019
1.327,1.6305e+019,4.1033e+019
1.328,1.5948e+019,3.9873e+019
1.329,1.5601e+019,3.8747e+019
1.33,1.5258e+019,3.7651e+019
1.331,1.4925e+019,3.6588e+019
1.332,1.4596e+019,3.5553e+019
1.333,1.4276e+019,3.4549e+019
1.334,1.396e+019,3.3571e+019
1.335,1.3653e+019,3.2622e+019
1.336,1.335e+019,3.1699e+019
1.337,1.3055e+019,3.0803e+019
1.338,1.2764e+019,2.993e+019
1.339,1.2481e+019,2.9085e+019
1.34,1.2202e+019,2.826e+019
1.341,1.1931e+019,2.7461e+019
1.342,1.1662e+019,2.6683e+019
1.343,1.1402e+019,2.5928e+019
1.344,1.1145e+019,2.5193e+019
1.345,1.0895e+019,2.4481e+019
1.346,1.0648e+019,2.3786e+019
1.347,1.0409e+019,2.3113e+019
1.348,1.0172e+019,2.2457e+019
1.349,9.9432e+018,2.1822e+019
1.35,9.7161e+018,2.1202e+019
1.351,9.4963e+018,2.0603e+019
1.352,9.2807e+018,2.0019e+019
1.353,9.0679e+018,1.9451e+019
1.354,8.8613e+018,1.8899e+019
1.355,8.6574e+018,1.8363e+019
1.356,8.4594e+018,1.7842e+019
1.357,8.264e+018,1.7335e+019
1.358,8.0744e+018,1.6844e+019
1.359,7.8872e+018,1.6365e+019
1.36,7.7055e+018,1.5901e+019
1.361,7.5262e+018,1.5449e+019
1.362,7.3522e+018,1.501e+019
1.363,7.1805e+018,1.4583e+019
1.364,7.014e+018,1.417e+019
1.365,6.8496e+018,1.3766e+019
1.366,6.6901e+018,1.3376e+019
1.367,6.5327e+018,1.2995e+019
1.368,6.3801e+018,1.2626e+019
1.369,6.2295e+018,1.2266e+019
1.37,6.0835e+018,1.1918e+019
1.371,5.9393e+018,1.1578e+019
1.372,5.7996e+018,1.1249e+019
1.373,5.6617e+018,1.0929e+019
1.374,5.5281e+018,1.0618e+019
1.375,5.3962e+018,1.0315e+019
1.376,5.2684e+018,1.0022e+019
1.377,5.1423e+018,9.7359e+018
1.378,5.0201e+018,9.459e+018
1.379,4.8995e+018,9.189e+018
1.38,4.7827e+018,8.9275e+018
1.381,4.6674e+018,8.6727e+018
1.382,4.5558e+018,8.4258e+018
1.383,4.4456e+018,8.1851e+018
1.384,4.3389e+018,7.9521e+018
1.385,4.2336e+018,7.7248e+018
1.386,4.1317e+018,7.5048e+018
1.387,4.0311e+018,7.2902e+018
1.388,3.9337e+018,7.0825e+018
1.389,3.8377e+018,6.8799e+018
1.39,3.7447e+018,6.684e+018
1.391,3.6529e+018,6.4926e+018
1.392,3.5642e+018,6.3076e+018
1.393,3.4766e+018,6.1269e+018
1.394,3.3918e+018,5.9523e+018
1.395,3.3089e+018,5.7823e+018
1.396,3.2273e+018,5.6168e+018
1.397,3.1481e+018,5.4564e+018
1.398,3.0703e+018,5.3001e+018
1.399,2.9948e+018,5.1487e+018
1.4,2.9205e+018,5.0012e+018
1.401,2.8484e+018,4.8583e+018
1.402,2.7776e+018,4.719e+018
1.403,2.7088e+018,4.5841e+018
1.404,2.6413e+018,4.4526e+018
1.405,2.5757e+018,4.3253e+018
1.406,2.5113e+018,4.2012e+018
1.407,2.4488e+018,4.081e+018
1.408,2.3873e+018,3.9638e+018
1.409,2.3277e+018,3.8504e+018
1.41,2.2692e+018,3.7398e+018
1.411,2.2124e+018,3.6327e+018
1.412,2.1565e+018,3.5283e+018
1.413,2.1024e+018,3.4273e+018
1.414,2.0492e+018,3.3288e+018
1.415,1.9977e+018,3.2334e+018
1.416,1.947e+018,3.1404e+018
1.417,1.8979e+018,3.0504e+018
1.418,1.8496e+018,2.9626e+018
1.419,1.8028e+018,2.8776e+018
1.42,1.7568e+018,2.7948e+018
1.421,1.7123e+018,2.7146e+018
1.422,1.6685e+018,2.6364e+018
1.423,1.6261e+018,2.5608e+018
1.424,1.5844e+018,2.487e+018
1.425,1.544e+018,2.4156e+018
1.426,1.5043e+018,2.3459e+018
1.427,1.4659e+018,2.2786e+018
1.428,1.4281e+018,2.2128e+018
1.429,1.3915e+018,2.1493e+018
1.43,1.3556e+018,2.0872e+018
1.431,1.3208e+018,2.0272e+018
1.432,1.2866e+018,1.9687e+018
1.433,1.2535e+018,1.9121e+018
1.434,1.2209e+018,1.8569e+018
1.435,1.1895e+018,1.8035e+018
1.436,1.1587e+018,1.7515e+018
1.437,1.1286e+018,1.7009e+018
1.438,1.0993e+018,1.6519e+018
1.439,1.0707e+018,1.6042e+018
1.44,1.0429e+018,1.558e+018
1.441,1.0156e+018,1.5129e+018
1.442,9.8917e+017,1.4693e+018
1.443,9.6324e+017,1.4268e+018
1.444,9.3813e+017,1.3856e+018
1.445,9.1349e+017,1.3455e+018
1.446,8.8964e+017,1.3067e+018
1.447,8.6622e+017,1.2689e+018
1.448,8.4356e+017,1.2323e+018
1.449,8.2131e+017,1.1966e+018
1.45,7.9979e+017,1.162e+018
1.451,7.7865e+017,1.1284e+018
1.452,7.5821e+017,1.0958e+018
1.453,7.3814e+017,1.064e+018
1.454,7.1873e+017,1.0333e+018
1.455,6.9966e+017,1.0033e+018
1.456,6.8123e+017,9.7437e+017
1.457,6.6313e+017,9.4611e+017
1.458,6.4563e+017,9.1878e+017
1.459,6.2844e+017,8.9211e+017
1.46,6.1184e+017,8.6634e+017
1.461,5.9552e+017,8.4119e+017
1.462,5.7975e+017,8.1688e+017
1.463,5.6426e+017,7.9316e+017
1.464,5.493e+017,7.7023e+017
1.465,5.346e+017,7.4785e+017
1.466,5.204e+017,7.2623e+017
1.467,5.0644e+017,7.0512e+017
1.468,4.9297e+017,6.8472e+017
1.469,4.7973e+017,6.6481e+017
1.47,4.6694e+017,6.4558e+017
1.471,4.5437e+017,6.268e+017
1.472,4.4225e+017,6.0866e+017
1.473,4.3032e+017,5.9094e+017
1.474,4.1882e+017,5.7384e+017
1.475,4.075e+017,5.5712e+017
1.476,3.9659e+017,5.4099e+017
1.477,3.8586e+017,5.2522e+017
1.478,3.755e+017,5.1001e+017
1.479,3.6541e+017,4.9521e+017
1.48,3.5551e+017,4.8079e+017
1.481,3.4593e+017,4.6683e+017
1.482,3.3654e+017,4.5323e+017
1.483,3.2746e+017,4.4007e+017
1.484,3.1855e+017,4.2723e+017
1.485,3.0994e+017,4.1482e+017
1.486,3.015e+017,4.0272e+017
1.487,2.9333e+017,3.9101e+017
1.488,2.8532e+017,3.7959e+017
1.489,2.7758e+017,3.6855e+017
1.49,2.6999e+017,3.5778e+017
1.491,2.6265e+017,3.4737e+017
1.492,2.5546e+017,3.3722e+017
1.493,2.485e+017,3.274e+017
1.494,2.4168e+017,3.1782e+017
1.495,2.3509e+017,3.0856e+017
1.496,2.2862e+017,2.9952e+017
1.497,2.2238e+017,2.9079e+017
1.498,2.1625e+017,2.8227e+017
1.499,2.1033e+017,2.7404e+017
1.5,2.0453e+017,2.66e+017
1.501,1.9892e+017,2.5823e+017
1.502,1.9342e+017,2.5066e+017
1.503,1.881e+017,2.4333e+017
1.504,1.8289e+017,2.3619e+017
1.505,1.7786e+017,2.2928e+017
1.506,1.7292e+017,2.2254e+017
1.507,1.6815e+017,2.1603e+017
1.508,1.6347e+017,2.0968e+017
1.509,1.5896e+017,2.0354e+017
1.51,1.5453e+017,1.9755e+017
1.511,1.5025e+017,1.9176e+017
1.512,1.4606e+017,1.8611e+017
1.513,1.4201e+017,1.8065e+017
1.514,1.3804e+017,1.7532e+017
1.515,1.3421e+017,1.7018e+017
1.516,1.3045e+017,1.6516e+017
1.517,1.2682e+017,1.6031e+017
1.518,1.2326e+017,1.5557e+017
1.519,1.1982e+017,1.51e+017
1.52,1.1647e+017,1.4655e+017
1.521,1.132e+017,1.4222e+017
1.522,1.1003e+017,1.3803e+017
1.523,1.0693e+017,1.3395e+017
1.524,1.0394e+017,1.3e+017
1.525,1.01e+017,1.2615e+017
1.526,9.8167e+016,1.2243e+017
1.527,9.5392e+016,1.188e+017
1.528,9.2709e+016,1.1529e+017
1.529,9.0084e+016,1.1187e+017
1.53,8.7545e+016,1.0857e+017
1.531,8.5061e+016,1.0534e+017
1.532,8.266e+016,1.0223e+017
1.533,8.0311e+016,9.919e+016
1.534,7.804e+016,9.6253e+016
1.535,7.5818e+016,9.3389e+016
1.536,7.367e+016,9.0622e+016
1.537,7.1569e+016,8.7923e+016
1.538,6.9538e+016,8.5315e+016
1.539,6.7551e+016,8.2773e+016
1.54,6.5631e+016,8.0315e+016
1.541,6.3753e+016,7.7919e+016
1.542,6.1937e+016,7.5603e+016
1.543,6.0161e+016,7.3346e+016
1.544,5.8446e+016,7.1164e+016
1.545,5.6767e+016,6.9037e+016
1.546,5.5145e+016,6.6981e+016
1.547,5.3558e+016,6.4977e+016
1.548,5.2026e+016,6.3041e+016
1.549,5.0526e+016,6.1153e+016
1.55,4.9078e+016,5.9329e+016
1.551,4.7661e+016,5.755e+016
1.552,4.6293e+016,5.5832e+016
1.553,4.4954e+016,5.4156e+016
1.554,4.3661e+016,5.2538e+016
1.555,4.2396e+016,5.096e+016
1.556,4.1175e+016,4.9436e+016
1.557,3.998e+016,4.7949e+016
1.558,3.8827e+016,4.6514e+016
1.559,3.7698e+016,4.5113e+016
1.56,3.6609e+016,4.3762e+016
1.561,3.5543e+016,4.2443e+016
1.562,3.4514e+016,4.117e+016
1.563,3.3514e+016,3.9933e+016
1.564,3.2537e+016,3.873e+016
1.565,3.1592e+016,3.7565e+016
1.566,3.0669e+016,3.6432e+016
1.567,2.9777e+016,3.5335e+016
1.568,2.8906e+016,3.4268e+016
1.569,2.8064e+016,3.3236e+016
1.57,2.7242e+016,3.2231e+016
1.571,2.6447e+016,3.1259e+016
1.572,2.5671e+016,3.0313e+016
1.573,2.4921e+016,2.9398e+016
1.574,2.4189e+016,2.8507e+016
1.575,2.3481e+016,2.7646e+016
1.576,2.279e+016,2.6808e+016
1.577,2.2122e+016,2.5997e+016
1.578,2.147e+016,2.5208e+016
1.579,2.084e+016,2.4445e+016
1.58,2.0225e+016,2.3702e+016
1.581,1.963e+016,2.2984e+016
1.582,1.905e+016,2.2285e+016
1.583,1.8489e+016,2.1609e+016
1.584,1.7942e+016,2.0951e+016
1.585,1.7413e+016,2.0316e+016
1.586,1.6896e+016,1.9696e+016
1.587,1.6398e+016,1.9098e+016
1.588,1.5911e+016,1.8515e+016
1.589,1.544e+016,1.7952e+016
1.59,1.4981e+016,1.7404e+016
1.591,1.4538e+016,1.6874e+016
1.592,1.4105e+016,1.6359e+016
1.593,1.3686e+016,1.586e+016
1.594,1.3278e+016,1.5375e+016
1.595,1.2884e+016,1.4906e+016
1.596,1.2499e+016,1.445e+016
1.597,1.2128e+016,1.4009e+016
1.598,1.1765e+016,1.3579e+016
1.599,1.1415e+016,1.3165e+016
1.6,1.1073e+016,1.2761e+016
1.601,1.0743e+016,1.2371e+016
1.602,1.0421e+016,1.199e+016
1.603,1.011e+016,1.1624e+016
1.604,9.806e+015,1.1266e+016
1.605,9.5129e+015,1.0921e+016
1.606,9.2281e+015,1.0586e+016
1.607,8.9507e+015,1.0261e+016
1.608,8.6824e+015,9.9456e+015
1.609,8.421e+015,9.6394e+015
1.61,8.1683e+015,9.3433e+015
1.611,7.9221e+015,9.0553e+015
1.612,7.684e+015,8.7768e+015
1.613,7.4521e+015,8.5061e+015
1.614,7.2279e+015,8.2443e+015
1.615,7.0094e+015,7.9897e+015
1.616,6.7983e+015,7.7436e+015
1.617,6.5925e+015,7.5043e+015
1.618,6.3937e+015,7.2729e+015
1.619,6.2e+015,7.0479e+015
1.62,6.0127e+015,6.8304e+015
1.621,5.8303e+015,6.6189e+015
1.622,5.654e+015,6.4145e+015
1.623,5.4823e+015,6.2157e+015
1.624,5.3163e+015,6.0236e+015
1.625,5.1546e+015,5.8367e+015
1.626,4.9984e+015,5.6562e+015
1.627,4.8462e+015,5.4806e+015
1.628,4.6991e+015,5.3109e+015
1.629,4.5559e+015,5.1458e+015
1.63,4.4175e+015,4.9864e+015
1.631,4.2826e+015,4.8313e+015
1.632,4.1524e+015,4.6814e+015
1.633,4.0255e+015,4.5357e+015
1.634,3.9029e+015,4.3949e+015
1.635,3.7835e+015,4.2579e+015
1.636,3.6681e+015,4.1257e+015
1.637,3.5558e+015,3.997e+015
1.638,3.4472e+015,3.8727e+015
1.639,3.3415e+015,3.7518e+015
1.64,3.2394e+015,3.6351e+015
1.641,3.14e+015,3.5215e+015
1.642,3.0439e+015,3.4118e+015
1.643,2.9504e+015,3.3052e+015
1.644,2.86e+015,3.2021e+015
1.645,2.772e+015,3.1019e+015
1.646,2.687e+015,3.0052e+015
1.647,2.6046e+015,2.9113e+015
1.648,2.5243e+015,2.8202e+015
1.649,2.4468e+015,2.732e+015
1.65,2.3713e+015,2.6464e+015
1.651,2.2984e+015,2.5636e+015
1.652,2.2274e+015,2.4832e+015
1.653,2.1589e+015,2.4055e+015
1.654,2.0921e+015,2.33e+015
1.655,2.0277e+015,2.257e+015
1.656,1.9649e+015,2.1861e+015
1.657,1.9043e+015,2.1175e+015
1.658,1.8453e+015,2.051e+015
1.659,1.7883e+015,1.9866e+015
1.66,1.7329e+015,1.9241e+015
1.661,1.6793e+015,1.8637e+015
1.662,1.6272e+015,1.805e+015
1.663,1.5769e+015,1.7482e+015
1.664,1.5279e+015,1.6931e+015
1.665,1.4805e+015,1.6399e+015
1.666,1.4345e+015,1.5882e+015
1.667,1.39e+015,1.5382e+015
1.668,1.3467e+015,1.4896e+015
1.669,1.3049e+015,1.4427e+015
1.67,1.2643e+015,1.3971e+015
1.671,1.225e+015,1.3531e+015
1.672,1.1868e+015,1.3103e+015
1.673,1.1499e+015,1.269e+015
1.674,1.114e+015,1.2288e+015
1.675,1.0793e+015,1.19e+015
1.676,1.0456e+015,1.1523e+015
1.677,1.013e+015,1.1159e+015
1.678,9.8132e+014,1.0806e+015
1.679,9.5072e+014,1.0464e+015
1.68,9.2095e+014,1.0132e+015
1.681,8.922e+014,9.8116e+014
1.682,8.6424e+014,9.5002e+014
1.683,8.3724e+014,9.1994e+014
1.684,8.1098e+014,8.9072e+014
1.685,7.8562e+014,8.625e+014
1.686,7.6095e+014,8.3508e+014
1.687,7.3713e+014,8.0861e+014
1.688,7.1396e+014,7.8288e+014
1.689,6.916e+014,7.5804e+014
1.69,6.6991e+014,7.3397e+014
1.691,6.4884e+014,7.1061e+014
1.692,6.2847e+014,6.8803e+014
1.693,6.0869e+014,6.6611e+014
1.694,5.8957e+014,6.4493e+014
1.695,5.7099e+014,6.2437e+014
1.696,5.5304e+014,6.045e+014
1.697,5.356e+014,5.8522e+014
1.698,5.1874e+014,5.6659e+014
1.699,5.0237e+014,5.485e+014
1.7,4.8655e+014,5.3102e+014
1.701,4.7118e+014,5.1406e+014
1.702,4.5633e+014,4.9767e+014
1.703,4.419e+014,4.8176e+014
1.704,4.2796e+014,4.6639e+014
1.705,4.1442e+014,4.5147e+014
1.706,4.0133e+014,4.3705e+014
1.707,3.8862e+014,4.2306e+014
1.708,3.7634e+014,4.0954e+014
1.709,3.6441e+014,3.9642e+014
1.71,3.5289e+014,3.8375e+014
1.711,3.4169e+014,3.7145e+014
1.712,3.3088e+014,3.5956e+014
1.713,3.2037e+014,3.4803e+014
1.714,3.1022e+014,3.3689e+014
1.715,3.0037e+014,3.2608e+014
1.716,2.9084e+014,3.1563e+014
1.717,2.8159e+014,3.0549e+014
1.718,2.7266e+014,2.957e+014
1.719,2.6398e+014,2.8619e+014
1.72,2.556e+014,2.7702e+014
1.721,2.4746e+014,2.6811e+014
1.722,2.396e+014,2.595e+014
1.723,2.3196e+014,2.5115e+014
1.724,2.2458e+014,2.4308e+014
1.725,2.1742e+014,2.3525e+014
1.726,2.105e+014,2.2769e+014
1.727,2.0378e+014,2.2036e+014
1.728,1.9729e+014,2.1327e+014
1.729,1.9099e+014,2.0639e+014
1.73,1.849e+014,1.9975e+014
1.731,1.79e+014,1.9332e+014
1.732,1.7328e+014,1.8709e+014
1.733,1.6775e+014,1.8106e+014
1.734,1.6238e+014,1.7521e+014
1.735,1.5719e+014,1.6956e+014
1.736,1.5216e+014,1.6409e+014
1.737,1.473e+014,1.5879e+014
1.738,1.4258e+014,1.5366e+014
1.739,1.3802e+014,1.487e+014
1.74,1.3359e+014,1.4389e+014
1.741,1.2931e+014,1.3924e+014
1.742,1.2516e+014,1.3474e+014
1.743,1.2116e+014,1.3038e+014
1.744,1.1726e+014,1.2616e+014
1.745,1.1351e+014,1.2208e+014
1.746,1.0986e+014,1.1813e+014
1.747,1.0633e+014,1.143e+014
1.748,1.0291e+014,1.106e+014
1.749,9.9611e+013,1.0702e+014
1.75,9.6405e+013,1.0355e+014
1.751,9.3308e+013,1.0019e+014
1.752,9.0303e+013,9.694e+013
1.753,8.7401e+013,9.3799e+013
1.754,8.4584e+013,9.0752e+013
1.755,8.1864e+013,8.781e+013
1.756,7.9224e+013,8.4956e+013
1.757,7.6674e+013,8.2199e+013
1.758,7.4199e+013,7.9526e+013
1.759,7.181e+013,7.6945e+013
1.76,6.9491e+013,7.4441e+013
1.761,6.7252e+013,7.2023e+013
1.762,6.5078e+013,6.9679e+013
1.763,6.298e+013,6.7414e+013
1.764,6.0943e+013,6.5218e+013
1.765,5.8977e+013,6.3098e+013
1.766,5.7068e+013,6.1041e+013
1.767,5.5226e+013,5.9055e+013
1.768,5.3438e+013,5.7129e+013
1.769,5.1711e+013,5.527e+013
1.77,5.0036e+013,5.3466e+013
1.771,4.8418e+013,5.1725e+013
1.772,4.6848e+013,5.0036e+013
1.773,4.5333e+013,4.8406e+013
1.774,4.3866e+013,4.6828e+013
1.775,4.2443e+013,4.5298e+013
1.776,4.1068e+013,4.3821e+013
1.777,3.9735e+013,4.2388e+013
1.778,3.8447e+013,4.1005e+013
1.779,3.7198e+013,3.9664e+013
1.78,3.5992e+013,3.8369e+013
1.781,3.4822e+013,3.7114e+013
1.782,3.3693e+013,3.5901e+013
1.783,3.2597e+013,3.4726e+013
1.784,3.1539e+013,3.3591e+013
1.785,3.0512e+013,3.2491e+013
1.786,2.9521e+013,3.1428e+013
1.787,2.856e+013,3.0398e+013
1.788,2.7632e+013,2.9403e+013
1.789,2.6731e+013,2.8439e+013
1.79,2.5862e+013,2.7508e+013
1.791,2.5019e+013,2.6606e+013
1.792,2.4205e+013,2.5735e+013
1.793,2.3415e+013,2.489e+013
1.794,2.2653e+013,2.4074e+013
1.795,2.1914e+013,2.3284e+013
1.796,2.12e+013,2.252e+013
1.797,2.0507e+013,2.178e+013
1.798,1.9839e+013,2.1066e+013
1.799,1.9191e+013,2.0374e+013
1.8,1.8565e+013,1.9705e+013
1.801,1.7958e+013,1.9057e+013
1.802,1.7372e+013,1.8431e+013
1.803,1.6804e+013,1.7825e+013
1.804,1.6255e+013,1.7239e+013
1.805,1.5723e+013,1.6672e+013
1.806,1.5209e+013,1.6124e+013
1.807,1.4711e+013,1.5593e+013
1.808,1.423e+013,1.508e+013
1.809,1.3764e+013,1.4583e+013
1.81,1.3314e+013,1.4103e+013
1.811,1.2877e+013,1.3638e+013
1.812,1.2456e+013,1.319e+013
1.813,1.2047e+013,1.2755e+013
1.814,1.1653e+013,1.2335e+013
1.815,1.1271e+013,1.1928e+013
1.816,1.0901e+013,1.1535e+013
1.817,1.0544e+013,1.1154e+013
1.818,1.0198e+013,1.0786e+013
1.819,9.8635e+012,1.0431e+013
1.82,9.5395e+012,1.0086e+013
1.821,9.2265e+012,9.7533e+012
1.822,8.9232e+012,9.431e+012
1.823,8.6303e+012,9.1198e+012
1.824,8.3465e+012,8.8183e+012
1.825,8.0724e+012,8.5271e+012
1.826,7.8068e+012,8.2451e+012
1.827,7.5502e+012,7.9727e+012
1.828,7.3017e+012,7.7089e+012
1.829,7.0616e+012,7.4541e+012
1.83,6.829e+012,7.2074e+012
1.831,6.6044e+012,6.9691e+012
1.832,6.3868e+012,6.7383e+012
1.833,6.1766e+012,6.5154e+012
1.834,5.973e+012,6.2995e+012
1.835,5.7763e+012,6.091e+012
1.836,5.5858e+012,5.8891e+012
1.837,5.4018e+012,5.6942e+012
1.838,5.2235e+012,5.5053e+012
1.839,5.0514e+012,5.323e+012
1.84,4.8846e+012,5.1464e+012
1.841,4.7235e+012,4.9758e+012
1.842,4.5675e+012,4.8107e+012
1.843,4.4168e+012,4.6512e+012
1.844,4.2708e+012,4.4968e+012
1.845,4.1299e+012,4.3476e+012
1.846,3.9933e+012,4.2032e+012
1.847,3.8615e+012,4.0638e+012
1.848,3.7337e+012,3.9287e+012
1.849,3.6104e+012,3.7983e+012
1.85,3.4909e+012,3.672e+012
1.851,3.3755e+012,3.5501e+012
1.852,3.2637e+012,3.432e+012
1.853,3.1558e+012,3.318e+012
1.854,3.0513e+012,3.2076e+012
1.855,2.9503e+012,3.101e+012
1.856,2.8525e+012,2.9977e+012
1.857,2.7581e+012,2.8981e+012
1.858,2.6668e+012,2.8017e+012
1.859,2.5784e+012,2.7084e+012
1.86,2.493e+012,2.6183e+012
1.861,2.4103e+012,2.5311e+012
1.862,2.3304e+012,2.4468e+012
1.863,2.2531e+012,2.3652e+012
1.864,2.1784e+012,2.2865e+012
1.865,2.106e+012,2.2102e+012
1.866,2.0362e+012,2.1366e+012
1.867,1.9685e+012,2.0653e+012
1.868,1.9032e+012,1.9965e+012
1.869,1.84e+012,1.9299e+012
1.87,1.7789e+012,1.8656e+012
1.871,1.7197e+012,1.8033e+012
1.872,1.6626e+012,1.7431e+012
1.873,1.6073e+012,1.6849e+012
1.874,1.5539e+012,1.6287e+012
1.875,1.5022e+012,1.5743e+012
1.876,1.4523e+012,1.5217e+012
1.877,1.4039e+012,1.4709e+012
1.878,1.3572e+012,1.4218e+012
1.879,1.312e+012,1.3742e+012
1.88,1.2684e+012,1.3283e+012
1.881,1.2261e+012,1.2839e+012
1.882,1.1853e+012,1.241e+012
1.883,1.1458e+012,1.1995e+012
1.884,1.1077e+012,1.1594e+012
1.885,1.0707e+012,1.1206e+012
1.886,1.0351e+012,1.0831e+012
1.887,1.0005e+012,1.0468e+012
1.888,9.6718e+011,1.0118e+012
1.889,9.3489e+011,9.779e+011
1.89,9.0373e+011,9.4517e+011
1.891,8.7355e+011,9.1349e+011
1.892,8.4443e+011,8.8292e+011
1.893,8.1621e+011,8.5331e+011
1.894,7.8899e+011,8.2474e+011
1.895,7.6262e+011,7.9708e+011
1.896,7.3717e+011,7.7038e+011
1.897,7.1252e+011,7.4453e+011
1.898,6.8874e+011,7.1958e+011
1.899,6.6573e+011,6.9546e+011
1.9,6.4347e+011,6.7212e+011
1.901,6.2197e+011,6.4958e+011
1.902,6.0116e+011,6.2777e+011
1.903,5.8106e+011,6.0671e+011
1.904,5.6161e+011,5.8633e+011
1.905,5.4283e+011,5.6665e+011
1.906,5.2466e+011,5.4761e+011
1.907,5.0711e+011,5.2923e+011
1.908,4.9012e+011,5.1144e+011
1.909,4.7372e+011,4.9426e+011
1.91,4.5784e+011,4.7764e+011
1.911,4.4252e+011,4.616e+011
1.912,4.2768e+011,4.4607e+011
1.913,4.1336e+011,4.3108e+011
1.914,3.9949e+011,4.1658e+011
1.915,3.8611e+011,4.0257e+011
1.916,3.7316e+011,3.8902e+011
1.917,3.6065e+011,3.7594e+011
1.918,3.4855e+011,3.6328e+011
1.919,3.3686e+011,3.5106e+011
1.92,3.2555e+011,3.3924e+011
1.921,3.1463e+011,3.2782e+011
1.922,3.0406e+011,3.1678e+011
1.923,2.9386e+011,3.0611e+011
1.924,2.8399e+011,2.958e+011
1.925,2.7446e+011,2.8584e+011
1.926,2.6523e+011,2.762e+011
1.927,2.5633e+011,2.6689e+011
1.928,2.4771e+011,2.5789e+011
1.929,2.3939e+011,2.492e+011
1.93,2.3134e+011,2.4079e+011
1.931,2.2357e+011,2.3268e+011
1.932,2.1604e+011,2.2482e+011
1.933,2.0878e+011,2.1725e+011
1.934,2.0175e+011,2.0991e+011
1.935,1.9497e+011,2.0283e+011
1.936,1.884e+011,1.9598e+011
1.937,1.8207e+011,1.8937e+011
1.938,1.7593e+011,1.8297e+011
1.939,1.7002e+011,1.768e+011
1.94,1.6429e+011,1.7082e+011
1.941,1.5876e+011,1.6505e+011
1.942,1.5341e+011,1.5948e+011
1.943,1.4824e+011,1.5409e+011
1.944,1.4325e+011,1.4888e+011
1.945,1.3842e+011,1.4385e+011
1.946,1.3376e+011,1.3899e+011
1.947,1.2924e+011,1.3429e+011
1.948,1.2489e+011,1.2975e+011
1.949,1.2067e+011,1.2536e+011
1.95,1.1661e+011,1.2112e+011
1.951,1.1267e+011,1.1702e+011
1.952,1.0887e+011,1.1306e+011
1.953,1.0519e+011,1.0923e+011
1.954,1.0164e+011,1.0554e+011
1.955,9.8211e+010,1.0196e+011
1.956,9.4897e+010,9.8512e+010
1.957,9.1691e+010,9.5174e+010
1.958,8.8595e+010,9.1952e+010
1.959,8.5601e+010,8.8836e+010
1.96,8.271e+010,8.5828e+010
1.961,7.9914e+010,8.2918e+010
1.962,7.7214e+010,8.0109e+010
1.963,7.4603e+010,7.7393e+010
1.964,7.2082e+010,7.4771e+010
1.965,6.9643e+010,7.2234e+010
1.966,6.7289e+010,6.9786e+010
1.967,6.5012e+010,6.7418e+010
1.968,6.2814e+010,6.5132e+010
1.969,6.0687e+010,6.2921e+010
1.97,5.8635e+010,6.0788e+010
1.971,5.6649e+010,5.8724e+010
1.972,5.4732e+010,5.6732e+010
1.973,5.2878e+010,5.4805e+010
1.974,5.1089e+010,5.2945e+010
1.975,4.9357e+010,5.1146e+010
1.976,4.7687e+010,4.9411e+010
1.977,4.607e+010,4.7731e+010
1.978,4.451e+010,4.6111e+010
1.979,4.3001e+010,4.4543e+010
1.98,4.1544e+010,4.3031e+010
1.981,4.0135e+010,4.1567e+010
1.982,3.8775e+010,4.0156e+010
1.983,3.7459e+010,3.879e+010
1.984,3.619e+010,3.7472e+010
1.985,3.4963e+010,3.6198e+010
1.986,3.3776e+010,3.4967e+010
1.987,3.2631e+010,3.3778e+010
1.988,3.1523e+010,3.2628e+010
1.989,3.0453e+010,3.1519e+010
1.99,2.9419e+010,3.0446e+010
1.991,2.8421e+010,2.941e+010
1.992,2.7455e+010,2.8408e+010
1.993,2.6523e+010,2.7442e+010
1.994,2.5622e+010,2.6507e+010
1.995,2.4752e+010,2.5605e+010
1.996,2.3911e+010,2.4733e+010
1.997,2.3099e+010,2.3891e+010
1.998,2.2313e+010,2.3076e+010
1.999,2.1555e+010,2.2291e+010
2,2.0822e+010,2.1531e+010
