0,0,-0
0.001,1.2545e-044,-2.399e-046
0.002,5.5401e-044,-1.1687e-045
0.003,1.3741e-043,-5.5432e-045
0.004,2.6972e-043,-1.1419e-044
0.005,4.6457e-043,-2.8666e-044
0.006,7.3862e-043,-4.7072e-044
0.007,1.1082e-042,-9.2228e-044
0.008,1.5982e-042,-1.3628e-043
0.009,2.2297e-042,-2.3387e-043
0.01,3.0392e-042,-3.251e-043
0.011,4.0538e-042,-5.1364e-043
0.012,5.3265e-042,-6.8614e-043
0.013,6.891e-042,-1.0246e-042
0.014,8.8238e-042,-1.3308e-042
0.015,1.1166e-041,-1.9072e-042
0.016,1.4026e-041,-2.4263e-042
0.017,1.7455e-041,-3.3704e-042
0.018,2.1605e-041,-4.2193e-042
0.019,2.6535e-041,-5.7195e-042
0.02,3.2462e-041,-7.0692e-042
0.021,3.9451e-041,-9.3951e-042
0.022,4.7804e-041,-1.1492e-041
0.023,5.7593e-041,-1.5027e-041
0.024,6.9237e-041,-1.8223e-041
0.025,8.2811e-041,-2.3505e-041
0.026,9.889e-041,-2.8298e-041
0.027,1.1755e-040,-3.608e-041
0.028,1.3958e-040,-4.3167e-041
0.029,1.6504e-040,-5.4493e-041
0.03,1.9499e-040,-6.4847e-041
0.031,2.295e-040,-8.1154e-041
0.032,2.7e-040,-9.6123e-041
0.033,3.165e-040,-1.1938e-040
0.034,3.7093e-040,-1.4082e-040
0.035,4.3326e-040,-1.7372e-040
0.036,5.0608e-040,-2.0416e-040
0.037,5.8923e-040,-2.5036e-040
0.038,6.8619e-040,-2.9327e-040
0.039,7.9667e-040,-3.577e-040
0.04,9.2526e-040,-4.1778e-040
0.041,1.0715e-039,-5.0709e-040
0.042,1.2414e-039,-5.9068e-040
0.043,1.4342e-039,-7.1383e-040
0.044,1.6551e-039,-8.6023e-040
0.045,1.9114e-039,-9.9841e-040
0.046,2.2014e-039,-1.1987e-039
0.047,2.5373e-039,-1.3883e-039
0.048,2.9168e-039,-1.661e-039
0.049,3.3559e-039,-1.92e-039
0.05,3.8513e-039,-2.29e-039
0.051,4.4238e-039,-2.6424e-039
0.052,5.0688e-039,-3.1422e-039
0.053,5.8135e-039,-3.6199e-039
0.054,6.6515e-039,-4.293e-039
0.055,7.618e-039,-4.938e-039
0.056,8.7043e-039,-5.8415e-039
0.057,9.9562e-039,-6.7098e-039
0.058,1.1361e-038,-7.9188e-039
0.059,1.298e-038,-9.0838e-039
0.06,1.4794e-038,-1.0697e-038
0.061,1.6883e-038,-1.2256e-038
0.062,1.9222e-038,-1.4403e-038
0.063,2.1911e-038,-1.6483e-038
0.064,2.4921e-038,-1.9333e-038
0.065,2.8381e-038,-2.2101e-038
0.066,3.2248e-038,-2.5876e-038
0.067,3.669e-038,-2.955e-038
0.068,4.1651e-038,-3.454e-038
0.069,4.7347e-038,-3.9405e-038
0.07,5.3703e-038,-4.5986e-038
0.071,6.0996e-038,-5.2416e-038
0.072,6.9128e-038,-6.1077e-038
0.073,7.8454e-038,-6.9559e-038
0.074,8.8845e-038,-8.0935e-038
0.075,1.0076e-037,-9.21e-038
0.076,1.1402e-037,-1.0702e-037
0.077,1.2921e-037,-1.2169e-037
0.078,1.4612e-037,-1.4122e-037
0.079,1.6548e-037,-1.6046e-037
0.08,1.8701e-037,-1.8598e-037
0.081,2.1165e-037,-2.1117e-037
0.082,2.3904e-037,-2.4448e-037
0.083,2.7038e-037,-2.7741e-037
0.084,3.0518e-037,-3.2081e-037
0.085,3.4436e-037,-3.7072e-037
0.086,3.8917e-037,-4.2026e-037
0.087,4.3889e-037,-4.8515e-037
0.088,4.9573e-037,-5.4966e-037
0.089,5.5877e-037,-6.339e-037
0.09,6.3082e-037,-7.1779e-037
0.091,7.1066e-037,-8.2704e-037
0.092,8.019e-037,-9.3597e-037
0.093,9.0297e-037,-1.0775e-036
0.094,1.0184e-036,-1.2188e-036
0.095,1.1462e-036,-1.4018e-036
0.096,1.2922e-036,-1.5848e-036
0.097,1.4537e-036,-1.8213e-036
0.098,1.6381e-036,-2.0582e-036
0.099,1.8421e-036,-2.3635e-036
0.1,2.0749e-036,-2.6696e-036
0.101,2.3323e-036,-3.0633e-036
0.102,2.626e-036,-3.4586e-036
0.103,2.9506e-036,-3.9656e-036
0.104,3.3209e-036,-4.4754e-036
0.105,3.7299e-036,-5.128e-036
0.106,4.1965e-036,-5.7849e-036
0.107,4.7116e-036,-6.6239e-036
0.108,5.2991e-036,-7.4695e-036
0.109,5.9474e-036,-8.5472e-036
0.11,6.6867e-036,-9.6347e-036
0.111,7.5021e-036,-1.1018e-035
0.112,8.4319e-036,-1.2415e-035
0.113,9.457e-036,-1.4189e-035
0.114,1.0626e-035,-1.5983e-035
0.115,1.1914e-035,-1.8255e-035
0.116,1.3382e-035,-2.0556e-035
0.117,1.4999e-035,-2.3466e-035
0.118,1.6842e-035,-2.6415e-035
0.119,1.8872e-035,-3.0137e-035
0.12,2.1185e-035,-3.3914e-035
0.121,2.3732e-035,-3.8672e-035
0.122,2.6633e-035,-4.3505e-035
0.123,2.9826e-035,-4.9583e-035
0.124,3.3463e-035,-5.5762e-035
0.125,3.7465e-035,-6.3522e-035
0.126,4.2022e-035,-7.1417e-035
0.127,4.7034e-035,-8.1316e-035
0.128,5.2638e-035,-9.2553e-035
0.129,5.9019e-035,-1.0402e-034
0.13,6.6032e-035,-1.1834e-034
0.131,7.4019e-035,-1.3295e-034
0.132,8.2795e-035,-1.5119e-034
0.133,9.2788e-035,-1.6982e-034
0.134,1.0376e-034,-1.9303e-034
0.135,1.1626e-034,-2.1676e-034
0.136,1.2998e-034,-2.4629e-034
0.137,1.456e-034,-2.7649e-034
0.138,1.6275e-034,-3.1403e-034
0.139,1.8227e-034,-3.5245e-034
0.14,2.037e-034,-4.0015e-034
0.141,2.2808e-034,-4.49e-034
0.142,2.5483e-034,-5.0956e-034
0.143,2.8528e-034,-5.7164e-034
0.144,3.1867e-034,-6.485e-034
0.145,3.5667e-034,-7.2733e-034
0.146,3.9834e-034,-8.2482e-034
0.147,4.4575e-034,-9.2489e-034
0.148,4.9773e-034,-1.0485e-033
0.149,5.5687e-034,-1.1754e-033
0.15,6.2167e-034,-1.332e-033
0.151,6.9541e-034,-1.493e-033
0.152,7.762e-034,-1.6914e-033
0.153,8.6811e-034,-1.8954e-033
0.154,9.6878e-034,-2.1465e-033
0.155,1.0833e-033,-2.4049e-033
0.156,1.2087e-033,-2.7226e-033
0.157,1.3514e-033,-3.0497e-033
0.158,1.5075e-033,-3.4516e-033
0.159,1.6852e-033,-3.8656e-033
0.16,1.8796e-033,-4.3736e-033
0.161,2.1007e-033,-4.8973e-033
0.162,2.3427e-033,-5.5392e-033
0.163,2.6179e-033,-6.2013e-033
0.164,2.9189e-033,-7.0121e-033
0.165,3.2613e-033,-7.8489e-033
0.166,3.6357e-033,-8.8726e-033
0.167,4.0616e-033,-9.9296e-033
0.168,4.5272e-033,-1.1222e-032
0.169,5.0457e-033,-1.2678e-032
0.17,5.6355e-033,-1.4186e-032
0.171,6.28e-033,-1.6023e-032
0.172,7.013e-033,-1.7926e-032
0.173,7.8138e-033,-2.0242e-032
0.174,8.7247e-033,-2.2641e-032
0.175,9.7195e-033,-2.5562e-032
0.176,1.0851e-032,-2.8586e-032
0.177,1.2087e-032,-3.2266e-032
0.178,1.3492e-032,-3.6078e-032
0.179,1.5026e-032,-4.0712e-032
0.18,1.6771e-032,-4.5516e-032
0.181,1.8675e-032,-5.135e-032
0.182,2.0841e-032,-5.74e-032
0.183,2.3204e-032,-6.4743e-032
0.184,2.5892e-032,-7.2361e-032
0.185,2.8824e-032,-8.1599e-032
0.186,3.2159e-032,-9.1187e-032
0.187,3.5796e-032,-1.0281e-031
0.188,3.9933e-032,-1.1487e-031
0.189,4.4443e-032,-1.2948e-031
0.19,4.9573e-032,-1.4466e-031
0.191,5.5165e-032,-1.6302e-031
0.192,6.1526e-032,-1.821e-031
0.193,6.8457e-032,-2.0517e-031
0.194,7.6342e-032,-2.2916e-031
0.195,8.4931e-032,-2.5815e-031
0.196,9.4703e-032,-2.8829e-031
0.197,1.0535e-031,-3.2469e-031
0.198,1.1745e-031,-3.6257e-031
0.199,1.3064e-031,-4.0827e-031
0.2,1.4563e-031,-4.5583e-031
0.201,1.6196e-031,-5.1319e-031
0.202,1.8054e-031,-5.7292e-031
0.203,2.0076e-031,-6.449e-031
0.204,2.2376e-031,-7.1987e-031
0.205,2.4879e-031,-8.1016e-031
0.206,2.7726e-031,-9.0425e-031
0.207,3.0824e-031,-1.0175e-030
0.208,3.4348e-031,-1.1355e-030
0.209,3.8182e-031,-1.2775e-030
0.21,4.2544e-031,-1.4256e-030
0.211,4.7286e-031,-1.6036e-030
0.212,5.2555e-031,-1.8033e-030
0.213,5.855e-031,-2.0123e-030
0.214,6.5066e-031,-2.2626e-030
0.215,7.2481e-031,-2.5242e-030
0.216,8.054e-031,-2.8381e-030
0.217,8.971e-031,-3.1659e-030
0.218,9.9673e-031,-3.559e-030
0.219,1.1101e-030,-3.9698e-030
0.22,1.2333e-030,-4.4621e-030
0.221,1.3734e-030,-4.9766e-030
0.222,1.5257e-030,-5.5928e-030
0.223,1.6989e-030,-6.2372e-030
0.224,1.887e-030,-7.0085e-030
0.225,2.1011e-030,-7.8154e-030
0.226,2.3335e-030,-8.7806e-030
0.227,2.598e-030,-9.7905e-030
0.228,2.8851e-030,-1.0998e-029
0.229,3.2119e-030,-1.2262e-029
0.23,3.5664e-030,-1.3773e-029
0.231,3.9701e-030,-1.5354e-029
0.232,4.4079e-030,-1.7243e-029
0.233,4.9063e-030,-1.9222e-029
0.234,5.4469e-030,-2.1584e-029
0.235,6.0623e-030,-2.4059e-029
0.236,6.7296e-030,-2.7012e-029
0.237,7.4894e-030,-3.0107e-029
0.238,8.3129e-030,-3.3798e-029
0.239,9.2507e-030,-3.7667e-029
0.24,1.0267e-029,-4.228e-029
0.241,1.1424e-029,-4.7117e-029
0.242,1.2678e-029,-5.288e-029
0.243,1.4106e-029,-5.8925e-029
0.244,1.5653e-029,-6.6125e-029
0.245,1.7415e-029,-7.3679e-029
0.246,1.9323e-029,-8.2672e-029
0.247,2.1496e-029,-9.211e-029
0.248,2.3849e-029,-1.0334e-028
0.249,2.6529e-029,-1.1513e-028
0.25,2.943e-029,-1.2915e-028
0.251,3.2736e-029,-1.4388e-028
0.252,3.6312e-029,-1.6138e-028
0.253,4.0277e-029,-1.8098e-028
0.254,4.4796e-029,-2.0162e-028
0.255,4.9683e-029,-2.2608e-028
0.256,5.5253e-029,-2.5184e-028
0.257,6.1276e-029,-2.8236e-028
0.258,6.8141e-029,-3.1449e-028
0.259,7.5562e-029,-3.5261e-028
0.26,8.4021e-029,-3.927e-028
0.261,9.3164e-029,-4.4025e-028
0.262,1.0359e-028,-4.9027e-028
0.263,1.1485e-028,-5.4958e-028
0.264,1.2769e-028,-6.12e-028
0.265,1.4156e-028,-6.8595e-028
0.266,1.5738e-028,-7.6381e-028
0.267,1.7446e-028,-8.5603e-028
0.268,1.9394e-028,-9.5314e-028
0.269,2.1497e-028,-1.0681e-027
0.27,2.3895e-028,-1.1892e-027
0.271,2.6485e-028,-1.3325e-027
0.272,2.9438e-028,-1.4835e-027
0.273,3.2625e-028,-1.6622e-027
0.274,3.626e-028,-1.8504e-027
0.275,4.0183e-028,-2.073e-027
0.276,4.4658e-028,-2.3077e-027
0.277,4.9484e-028,-2.5851e-027
0.278,5.4992e-028,-2.8775e-027
0.279,6.093e-028,-3.2231e-027
0.28,6.7708e-028,-3.5875e-027
0.281,7.5013e-028,-4.018e-027
0.282,8.3352e-028,-4.4721e-027
0.283,9.2338e-028,-5.0084e-027
0.284,1.026e-027,-5.5741e-027
0.285,1.1365e-027,-6.2419e-027
0.286,1.2627e-027,-6.9466e-027
0.287,1.3986e-027,-7.7781e-027
0.288,1.5537e-027,-8.6558e-027
0.289,1.7208e-027,-9.6912e-027
0.29,1.9117e-027,-1.0784e-026
0.291,2.1171e-027,-1.2073e-026
0.292,2.3517e-027,-1.3434e-026
0.293,2.6042e-027,-1.5039e-026
0.294,2.8927e-027,-1.6733e-026
0.295,3.203e-027,-1.873e-026
0.296,3.5465e-027,-2.0962e-026
0.297,3.939e-027,-2.3325e-026
0.298,4.361e-027,-2.6102e-026
0.299,4.8433e-027,-2.904e-026
0.3,5.3618e-027,-3.2498e-026
0.301,5.9545e-027,-3.6155e-026
0.302,6.5915e-027,-4.0457e-026
0.303,7.3197e-027,-4.5007e-026
0.304,8.1021e-027,-5.0359e-026
0.305,8.9966e-027,-5.602e-026
0.306,9.9574e-027,-6.2676e-026
0.307,1.1056e-026,-6.9719e-026
0.308,1.2236e-026,-7.7998e-026
0.309,1.3586e-026,-8.6758e-026
0.31,1.5034e-026,-9.7053e-026
0.311,1.6691e-026,-1.0795e-025
0.312,1.847e-026,-1.2075e-025
0.313,2.0504e-026,-1.343e-025
0.314,2.2687e-026,-1.5021e-025
0.315,2.5185e-026,-1.6707e-025
0.316,2.7864e-026,-1.8685e-025
0.317,3.0931e-026,-2.078e-025
0.318,3.4218e-026,-2.3239e-025
0.319,3.7982e-026,-2.5844e-025
0.32,4.2015e-026,-2.89e-025
0.321,4.6634e-026,-3.2138e-025
0.322,5.1582e-026,-3.5937e-025
0.323,5.7249e-026,-3.9962e-025
0.324,6.3319e-026,-4.4682e-025
0.325,7.0272e-026,-4.9684e-025
0.326,7.7717e-026,-5.5548e-025
0.327,8.6247e-026,-6.1765e-025
0.328,9.5376e-026,-6.9051e-025
0.329,1.0584e-025,-7.6776e-025
0.33,1.1703e-025,-8.5827e-025
0.331,1.2986e-025,-9.5425e-025
0.332,1.4359e-025,-1.0667e-024
0.333,1.5932e-025,-1.1859e-024
0.334,1.7614e-025,-1.3256e-024
0.335,1.9544e-025,-1.4737e-024
0.336,2.1605e-025,-1.6471e-024
0.337,2.3883e-025,-1.8407e-024
0.338,2.6497e-025,-2.0464e-024
0.339,2.9289e-025,-2.2868e-024
0.34,3.2493e-025,-2.5424e-024
0.341,3.5913e-025,-2.8408e-024
0.342,3.9839e-025,-3.1579e-024
0.343,4.4029e-025,-3.5286e-024
0.344,4.884e-025,-3.9224e-024
0.345,5.3973e-025,-4.3826e-024
0.346,5.9867e-025,-4.8715e-024
0.347,6.6153e-025,-5.4428e-024
0.348,7.3374e-025,-6.0497e-024
0.349,8.1072e-025,-6.7588e-024
0.35,8.9917e-025,-7.5122e-024
0.351,9.9342e-025,-8.3922e-024
0.352,1.1017e-024,-9.3274e-024
0.353,1.2171e-024,-1.0419e-023
0.354,1.3498e-024,-1.158e-023
0.355,1.491e-024,-1.2935e-023
0.356,1.6534e-024,-1.4376e-023
0.357,1.8263e-024,-1.6057e-023
0.358,2.0251e-024,-1.7845e-023
0.359,2.2367e-024,-1.993e-023
0.36,2.4801e-024,-2.2149e-023
0.361,2.7389e-024,-2.4736e-023
0.362,3.0368e-024,-2.7488e-023
0.363,3.3534e-024,-3.0698e-023
0.364,3.718e-024,-3.4113e-023
0.365,4.1053e-024,-3.8094e-023
0.366,4.5513e-024,-4.233e-023
0.367,5.025e-024,-4.7267e-023
0.368,5.5707e-024,-5.2521e-023
0.369,6.15e-024,-5.8645e-023
0.37,6.8175e-024,-6.5162e-023
0.371,7.5258e-024,-7.2755e-023
0.372,8.3422e-024,-8.0838e-023
0.373,9.2081e-024,-9.0254e-023
0.374,1.0207e-023,-1.0028e-022
0.375,1.1265e-023,-1.1195e-022
0.376,1.2486e-023,-1.2438e-022
0.377,1.3779e-023,-1.3885e-022
0.378,1.5272e-023,-1.5427e-022
0.379,1.6852e-023,-1.7221e-022
0.38,1.8595e-023,-1.9221e-022
0.381,2.0608e-023,-2.1356e-022
0.382,2.2737e-023,-2.3836e-022
0.383,2.5197e-023,-2.6482e-022
0.384,2.7797e-023,-2.9555e-022
0.385,3.0803e-023,-3.2833e-022
0.386,3.3979e-023,-3.6644e-022
0.387,3.7651e-023,-4.0707e-022
0.388,4.153e-023,-4.5431e-022
0.389,4.6015e-023,-5.0467e-022
0.39,5.075e-023,-5.632e-022
0.391,5.6229e-023,-6.2561e-022
0.392,6.2009e-023,-6.9813e-022
0.393,6.8699e-023,-7.7547e-022
0.394,7.5755e-023,-8.6534e-022
0.395,8.3923e-023,-9.6118e-022
0.396,9.2533e-023,-1.0725e-021
0.397,1.0251e-022,-1.1913e-021
0.398,1.1301e-022,-1.3292e-021
0.399,1.2518e-022,-1.4763e-021
0.4,1.38e-022,-1.6472e-021
0.401,1.5285e-022,-1.8295e-021
0.402,1.6848e-022,-2.0411e-021
0.403,1.8661e-022,-2.2669e-021
0.404,2.0567e-022,-2.529e-021
0.405,2.2779e-022,-2.8088e-021
0.406,2.5103e-022,-3.1334e-021
0.407,2.7801e-022,-3.4799e-021
0.408,3.0634e-022,-3.882e-021
0.409,3.3925e-022,-4.3111e-021
0.41,3.7378e-022,-4.809e-021
0.411,4.1391e-022,-5.3406e-021
0.412,4.5599e-022,-5.9571e-021
0.413,5.0492e-022,-6.6153e-021
0.414,5.5619e-022,-7.3787e-021
0.415,6.1583e-022,-8.1939e-021
0.416,6.7829e-022,-9.139e-021
0.417,7.5099e-022,-1.0148e-020
0.418,8.2706e-022,-1.1319e-020
0.419,9.1565e-022,-1.2568e-020
0.42,1.0083e-021,-1.4017e-020
0.421,1.1162e-021,-1.5564e-020
0.422,1.229e-021,-1.7358e-020
0.423,1.3531e-021,-1.9355e-020
0.424,1.4978e-021,-2.1493e-020
0.425,1.6488e-021,-2.3966e-020
0.426,1.825e-021,-2.661e-020
0.427,2.0088e-021,-2.9672e-020
0.428,2.2233e-021,-3.2946e-020
0.429,2.4469e-021,-3.6736e-020
0.43,2.7081e-021,-4.0788e-020
0.431,2.98e-021,-4.5478e-020
0.432,3.2979e-021,-5.0493e-020
0.433,3.6286e-021,-5.6297e-020
0.434,4.0155e-021,-6.2503e-020
0.435,4.4176e-021,-6.9685e-020
0.436,4.8882e-021,-7.7366e-020
0.437,5.377e-021,-8.6252e-020
0.438,5.9495e-021,-9.5758e-020
0.439,6.5435e-021,-1.0675e-019
0.44,7.2398e-021,-1.1851e-019
0.441,7.9615e-021,-1.3212e-019
0.442,8.8081e-021,-1.4667e-019
0.443,9.6848e-021,-1.635e-019
0.444,1.0714e-020,-1.8151e-019
0.445,1.1779e-020,-2.0232e-019
0.446,1.303e-020,-2.246e-019
0.447,1.4322e-020,-2.5035e-019
0.448,1.5842e-020,-2.7791e-019
0.449,1.7412e-020,-3.0977e-019
0.45,1.9258e-020,-3.4386e-019
0.451,2.1163e-020,-3.8326e-019
0.452,2.3406e-020,-4.2544e-019
0.453,2.5717e-020,-4.7416e-019
0.454,2.844e-020,-5.2633e-019
0.455,3.1243e-020,-5.866e-019
0.456,3.4549e-020,-6.5112e-019
0.457,3.7949e-020,-7.2565e-019
0.458,4.1961e-020,-8.0545e-019
0.459,4.6083e-020,-8.9761e-019
0.46,5.0952e-020,-9.9631e-019
0.461,5.5948e-020,-1.1103e-018
0.462,6.1855e-020,-1.2323e-018
0.463,6.7908e-020,-1.3732e-018
0.464,7.4545e-020,-1.5301e-018
0.465,8.2406e-020,-1.6984e-018
0.466,9.0445e-020,-1.8924e-018
0.467,9.9975e-020,-2.1005e-018
0.468,1.0971e-019,-2.3403e-018
0.469,1.2126e-019,-2.5974e-018
0.47,1.3304e-019,-2.894e-018
0.471,1.4704e-019,-3.2119e-018
0.472,1.613e-019,-3.5786e-018
0.473,1.7825e-019,-3.9716e-018
0.474,1.955e-019,-4.4249e-018
0.475,2.1603e-019,-4.9108e-018
0.476,2.369e-019,-5.471e-018
0.477,2.6176e-019,-6.0717e-018
0.478,2.8698e-019,-6.7642e-018
0.479,3.1707e-019,-7.5067e-018
0.48,3.4757e-019,-8.3626e-018
0.481,3.8398e-019,-9.2805e-018
0.482,4.2083e-019,-1.0338e-017
0.483,4.6487e-019,-1.1473e-017
0.484,5.0938e-019,-1.278e-017
0.485,5.6265e-019,-1.4182e-017
0.486,6.1641e-019,-1.5798e-017
0.487,6.8081e-019,-1.7531e-017
0.488,7.4571e-019,-1.9527e-017
0.489,8.2354e-019,-2.1669e-017
0.49,9.0187e-019,-2.4136e-017
0.491,9.9592e-019,-2.6782e-017
0.492,1.0904e-018,-2.983e-017
0.493,1.204e-018,-3.3101e-017
0.494,1.318e-018,-3.6867e-017
0.495,1.4552e-018,-4.0908e-017
0.496,1.5927e-018,-4.5562e-017
0.497,1.7583e-018,-5.0555e-017
0.498,1.924e-018,-5.6304e-017
0.499,2.1239e-018,-6.2474e-017
0.5,2.3235e-018,-6.9576e-017
0.501,2.5647e-018,-7.7199e-017
0.502,2.8052e-018,-8.5973e-017
0.503,3.0961e-018,-9.5391e-017
0.504,3.3858e-018,-1.0623e-016
0.505,3.7365e-018,-1.1786e-016
0.506,4.0853e-018,-1.3125e-016
0.507,4.4659e-018,-1.4615e-016
0.508,4.9279e-018,-1.6216e-016
0.509,5.386e-018,-1.8056e-016
0.51,5.9425e-018,-2.0033e-016
0.511,6.4937e-018,-2.2307e-016
0.512,7.164e-018,-2.4749e-016
0.513,7.827e-018,-2.7557e-016
0.514,8.6343e-018,-3.0573e-016
0.515,9.4315e-018,-3.4041e-016
0.516,1.0403e-017,-3.7767e-016
0.517,1.1362e-017,-4.205e-016
0.518,1.2531e-017,-4.6651e-016
0.519,1.3684e-017,-5.194e-016
0.52,1.5091e-017,-5.7622e-016
0.521,1.6476e-017,-6.4153e-016
0.522,1.8168e-017,-7.1171e-016
0.523,1.9832e-017,-7.9236e-016
0.524,2.1868e-017,-8.7902e-016
0.525,2.3867e-017,-9.786e-016
0.526,2.6316e-017,-1.0856e-015
0.527,2.8717e-017,-1.2086e-015
0.528,3.166e-017,-1.3407e-015
0.529,3.4544e-017,-1.4925e-015
0.53,3.8082e-017,-1.6557e-015
0.531,4.1547e-017,-1.8431e-015
0.532,4.5799e-017,-2.0446e-015
0.533,4.9959e-017,-2.2759e-015
0.534,5.5069e-017,-2.5247e-015
0.535,6.0066e-017,-2.8103e-015
0.536,6.6205e-017,-3.1174e-015
0.537,7.2207e-017,-3.47e-015
0.538,7.9583e-017,-3.8492e-015
0.539,8.6792e-017,-4.2845e-015
0.54,9.5653e-017,-4.7525e-015
0.541,1.0431e-016,-5.2898e-015
0.542,1.1496e-016,-5.8676e-015
0.543,1.2536e-016,-6.5308e-015
0.544,1.3815e-016,-7.2441e-015
0.545,1.5065e-016,-8.0627e-015
0.546,1.6602e-016,-8.9431e-015
0.547,1.8104e-016,-9.9535e-015
0.548,1.9744e-016,-1.1077e-014
0.549,2.1757e-016,-1.2287e-014
0.55,2.3729e-016,-1.3674e-014
0.551,2.6147e-016,-1.5167e-014
0.552,2.8519e-016,-1.6879e-014
0.553,3.1425e-016,-1.8721e-014
0.554,3.4279e-016,-2.0834e-014
0.555,3.7772e-016,-2.3108e-014
0.556,4.1208e-016,-2.5716e-014
0.557,4.5408e-016,-2.8522e-014
0.558,4.9546e-016,-3.1739e-014
0.559,5.4597e-016,-3.5203e-014
0.56,5.9581e-016,-3.9173e-014
0.561,6.5657e-016,-4.3447e-014
0.562,7.1664e-016,-4.8346e-014
0.563,7.8976e-016,-5.3619e-014
0.564,8.622e-016,-5.9664e-014
0.565,9.502e-016,-6.6172e-014
0.566,1.0376e-015,-7.363e-014
0.567,1.1436e-015,-8.166e-014
0.568,1.2491e-015,-9.0861e-014
0.569,1.3767e-015,-1.0077e-013
0.57,1.5041e-015,-1.1212e-013
0.571,1.6579e-015,-1.2435e-013
0.572,1.8119e-015,-1.3835e-013
0.573,1.9973e-015,-1.5343e-013
0.574,2.1834e-015,-1.7071e-013
0.575,2.4071e-015,-1.8932e-013
0.576,2.6322e-015,-2.1063e-013
0.577,2.9022e-015,-2.3359e-013
0.578,3.1746e-015,-2.5988e-013
0.579,3.5005e-015,-2.882e-013
0.58,3.8304e-015,-3.2064e-013
0.581,4.2239e-015,-3.5557e-013
0.582,4.6236e-015,-3.9558e-013
0.583,5.0992e-015,-4.3867e-013
0.584,5.5838e-015,-4.8802e-013
0.585,6.1587e-015,-5.4118e-013
0.586,6.7464e-015,-6.0204e-013
0.587,7.4418e-015,-6.6762e-013
0.588,8.1548e-015,-7.4268e-013
0.589,8.9965e-015,-8.2357e-013
0.59,9.8621e-015,-9.1615e-013
0.591,1.0814e-014,-1.0191e-012
0.592,1.1932e-014,-1.1301e-012
0.593,1.3089e-014,-1.257e-012
0.594,1.4444e-014,-1.3939e-012
0.595,1.585e-014,-1.5505e-012
0.596,1.7493e-014,-1.7193e-012
0.597,1.9203e-014,-1.9124e-012
0.598,2.1195e-014,-2.1206e-012
0.599,2.3275e-014,-2.3587e-012
0.6,2.5692e-014,-2.6155e-012
0.601,2.8223e-014,-2.9091e-012
0.602,3.1158e-014,-3.2257e-012
0.603,3.4239e-014,-3.5878e-012
0.604,3.7803e-014,-3.9782e-012
0.605,4.1555e-014,-4.4247e-012
0.606,4.5885e-014,-4.9062e-012
0.607,5.0456e-014,-5.4567e-012
0.608,5.5718e-014,-6.0503e-012
0.609,6.1288e-014,-6.7291e-012
0.61,6.7686e-014,-7.4611e-012
0.611,7.4474e-014,-8.298e-012
0.612,8.2256e-014,-9.2006e-012
0.613,9.0532e-014,-1.0232e-011
0.614,1e-013,-1.1345e-011
0.615,1.1009e-013,-1.2617e-011
0.616,1.2162e-013,-1.3989e-011
0.617,1.3393e-013,-1.5558e-011
0.618,1.4796e-013,-1.7249e-011
0.619,1.6298e-013,-1.9183e-011
0.62,1.8006e-013,-2.1268e-011
0.621,1.9839e-013,-2.3651e-011
0.622,2.192e-013,-2.6222e-011
0.623,2.4157e-013,-2.916e-011
0.624,2.6693e-013,-3.233e-011
0.625,2.9423e-013,-3.5952e-011
0.626,3.2515e-013,-3.9859e-011
0.627,3.5847e-013,-4.4323e-011
0.628,3.9616e-013,-4.914e-011
0.629,4.3685e-013,-5.4643e-011
0.63,4.8281e-013,-6.058e-011
0.631,5.325e-013,-6.7363e-011
0.632,5.8739e-013,-7.49e-011
0.633,6.4924e-013,-8.3041e-011
0.634,7.1628e-013,-9.2331e-011
0.635,7.9173e-013,-1.0237e-010
0.636,8.7363e-013,-1.1382e-010
0.637,9.6569e-013,-1.2618e-010
0.638,1.0658e-012,-1.403e-010
0.639,1.1781e-012,-1.5553e-010
0.64,1.3004e-012,-1.7293e-010
0.641,1.4375e-012,-1.9171e-010
0.642,1.5869e-012,-2.1315e-010
0.643,1.7543e-012,-2.363e-010
0.644,1.9368e-012,-2.6272e-010
0.645,2.1412e-012,-2.9125e-010
0.646,2.3642e-012,-3.2381e-010
0.647,2.6138e-012,-3.5897e-010
0.648,2.8864e-012,-3.9909e-010
0.649,3.1911e-012,-4.4242e-010
0.65,3.5243e-012,-4.9186e-010
0.651,3.8964e-012,-5.4525e-010
0.652,4.3036e-012,-6.0618e-010
0.653,4.7582e-012,-6.7198e-010
0.654,5.2558e-012,-7.4705e-010
0.655,5.8111e-012,-8.2813e-010
0.656,6.4194e-012,-9.2063e-010
0.657,7.0977e-012,-1.0205e-009
0.658,7.8412e-012,-1.1345e-009
0.659,8.6698e-012,-1.2576e-009
0.66,9.5787e-012,-1.398e-009
0.661,1.0591e-011,-1.5497e-009
0.662,1.1702e-011,-1.7228e-009
0.663,1.2939e-011,-1.9096e-009
0.664,1.4297e-011,-2.1228e-009
0.665,1.5808e-011,-2.3531e-009
0.666,1.7468e-011,-2.6157e-009
0.667,1.9315e-011,-2.8994e-009
0.668,2.1344e-011,-3.223e-009
0.669,2.36e-011,-3.5725e-009
0.67,2.6081e-011,-3.9711e-009
0.671,2.8838e-011,-4.4018e-009
0.672,3.187e-011,-4.8928e-009
0.673,3.5239e-011,-5.4234e-009
0.674,3.8946e-011,-6.0283e-009
0.675,4.3044e-011,-6.7003e-009
0.676,4.7595e-011,-7.4271e-009
0.677,5.2604e-011,-8.2548e-009
0.678,5.8165e-011,-9.1498e-009
0.679,6.4289e-011,-1.017e-008
0.68,7.1084e-011,-1.1272e-008
0.681,7.857e-011,-1.2529e-008
0.682,8.6875e-011,-1.3887e-008
0.683,9.6026e-011,-1.5434e-008
0.684,1.0617e-010,-1.7107e-008
0.685,1.1736e-010,-1.9014e-008
0.686,1.2976e-010,-2.1074e-008
0.687,1.4344e-010,-2.3422e-008
0.688,1.5859e-010,-2.5961e-008
0.689,1.7531e-010,-2.8852e-008
0.69,1.9383e-010,-3.1979e-008
0.691,2.1426e-010,-3.554e-008
0.692,2.369e-010,-3.9391e-008
0.693,2.6186e-010,-4.3778e-008
0.694,2.8953e-010,-4.8521e-008
0.695,3.2005e-010,-5.3923e-008
0.696,3.5386e-010,-5.9765e-008
0.697,3.9116e-010,-6.6418e-008
0.698,4.3247e-010,-7.3613e-008
0.699,4.7806e-010,-8.1806e-008
0.7,5.2854e-010,-9.0667e-008
0.701,5.8426e-010,-1.0076e-007
0.702,6.4595e-010,-1.1167e-007
0.703,7.1405e-010,-1.241e-007
0.704,7.8943e-010,-1.3754e-007
0.705,8.7265e-010,-1.5284e-007
0.706,9.6477e-010,-1.6939e-007
0.707,1.0665e-009,-1.8823e-007
0.708,1.179e-009,-2.0861e-007
0.709,1.3033e-009,-2.3181e-007
0.71,1.4408e-009,-2.5691e-007
0.711,1.5927e-009,-2.8548e-007
0.712,1.7608e-009,-3.1639e-007
0.713,1.9463e-009,-3.5157e-007
0.714,2.1517e-009,-3.8963e-007
0.715,2.3784e-009,-4.3295e-007
0.716,2.629e-009,-4.8105e-007
0.717,2.9064e-009,-5.3315e-007
0.718,3.2126e-009,-5.9238e-007
0.719,3.5514e-009,-6.5652e-007
0.72,3.9256e-009,-7.292e-007
0.721,4.3395e-009,-8.0812e-007
0.722,4.7967e-009,-8.9733e-007
0.723,5.3024e-009,-9.9443e-007
0.724,5.8611e-009,-1.1039e-006
0.725,6.4789e-009,-1.2229e-006
0.726,7.1616e-009,-1.3569e-006
0.727,7.9164e-009,-1.5029e-006
0.728,8.7505e-009,-1.6671e-006
0.729,9.6726e-009,-1.8462e-006
0.73,1.0692e-008,-2.0472e-006
0.731,1.1818e-008,-2.2668e-006
0.732,1.3063e-008,-2.5129e-006
0.733,1.4439e-008,-2.7823e-006
0.734,1.596e-008,-3.0836e-006
0.735,1.7641e-008,-3.4138e-006
0.736,1.9499e-008,-3.7828e-006
0.737,2.1552e-008,-4.1874e-006
0.738,2.3821e-008,-4.6393e-006
0.739,2.633e-008,-5.1351e-006
0.74,2.9101e-008,-5.6885e-006
0.741,3.2165e-008,-6.296e-006
0.742,3.555e-008,-6.9736e-006
0.743,3.9292e-008,-7.7179e-006
0.744,4.3426e-008,-8.5477e-006
0.745,4.7996e-008,-9.4595e-006
0.746,5.3045e-008,-1.0476e-005
0.747,5.8625e-008,-1.1592e-005
0.748,6.4792e-008,-1.2837e-005
0.749,7.1607e-008,-1.4205e-005
0.75,7.9137e-008,-1.5728e-005
0.751,8.7459e-008,-1.7404e-005
0.752,9.6654e-008,-1.9269e-005
0.753,1.0682e-007,-2.1322e-005
0.754,1.1804e-007,-2.3606e-005
0.755,1.3045e-007,-2.6119e-005
0.756,1.4416e-007,-2.8916e-005
0.757,1.5931e-007,-3.1994e-005
0.758,1.7605e-007,-3.5419e-005
0.759,1.9454e-007,-3.9191e-005
0.76,2.1498e-007,-4.3381e-005
0.761,2.3756e-007,-4.7999e-005
0.762,2.6251e-007,-5.3131e-005
0.763,2.9008e-007,-5.8785e-005
0.764,3.2054e-007,-6.5042e-005
0.765,3.5419e-007,-7.1991e-005
0.766,3.9137e-007,-7.9653e-005
0.767,4.3245e-007,-8.8161e-005
0.768,4.7783e-007,-9.7541e-005
0.769,5.2797e-007,-0.00010796
0.77,5.8337e-007,-0.00011944
0.771,6.4458e-007,-0.0001322
0.772,7.1219e-007,-0.00014626
0.773,7.8689e-007,-0.00016187
0.774,8.6941e-007,-0.00017909
0.775,9.6058e-007,-0.00019821
0.776,1.0613e-006,-0.00021928
0.777,1.1726e-006,-0.00024269
0.778,1.2955e-006,-0.00026849
0.779,1.4313e-006,-0.00029714
0.78,1.5812e-006,-0.00032872
0.781,1.7469e-006,-0.00036381
0.782,1.93e-006,-0.00040247
0.783,2.1321e-006,-0.00044542
0.784,2.3555e-006,-0.00049274
0.785,2.6022e-006,-0.00054533
0.786,2.8747e-006,-0.00060325
0.787,3.1757e-006,-0.00066763
0.788,3.5081e-006,-0.00073854
0.789,3.8754e-006,-0.00081734
0.79,4.281e-006,-0.00090413
0.791,4.729e-006,-0.0010006
0.792,5.2238e-006,-0.0011068
0.793,5.7704e-006,-0.0012249
0.794,6.374e-006,-0.001355
0.795,7.0407e-006,-0.0014995
0.796,7.7771e-006,-0.0016587
0.797,8.5903e-006,-0.0018356
0.798,9.4885e-006,-0.0020304
0.799,1.048e-005,-0.002247
0.8,1.1576e-005,-0.0024855
0.801,1.2786e-005,-0.0027506
0.802,1.4122e-005,-0.0030424
0.803,1.5598e-005,-0.0033669
0.804,1.7227e-005,-0.0037241
0.805,1.9027e-005,-0.0041195
0.806,2.1014e-005,-0.0045584
0.807,2.3208e-005,-0.0050424
0.808,2.5632e-005,-0.0055796
0.809,2.8308e-005,-0.0061718
0.81,3.1263e-005,-0.0068294
0.811,3.4525e-005,-0.0075542
0.812,3.8128e-005,-0.008359
0.813,4.2107e-005,-0.009246
0.814,4.65e-005,-0.010231
0.815,5.135e-005,-0.011317
0.816,5.6706e-005,-0.012522
0.817,6.262e-005,-0.013851
0.818,6.9149e-005,-0.015326
0.819,7.6358e-005,-0.016952
0.82,8.4317e-005,-0.018757
0.821,9.3105e-005,-0.020747
0.822,0.00010281,-0.022957
0.823,0.00011352,-0.025391
0.824,0.00012535,-0.028096
0.825,0.0001384,-0.031075
0.826,0.00015282,-0.034385
0.827,0.00016873,-0.038031
0.828,0.00018629,-0.042082
0.829,0.00020569,-0.046542
0.83,0.0002271,-0.0515
0.831,0.00025073,-0.056959
0.832,0.00027682,-0.063026
0.833,0.00030562,-0.069705
0.834,0.00033741,-0.07713
0.835,0.0003725,-0.085303
0.836,0.00041123,-0.09439
0.837,0.00045399,-0.10439
0.838,0.00050118,-0.11551
0.839,0.00055327,-0.12775
0.84,0.00061077,-0.14136
0.841,0.00067423,-0.15633
0.842,0.00074427,-0.17298
0.843,0.00082157,-0.19131
0.844,0.0009069,-0.21168
0.845,0.0010011,-0.23411
0.846,0.001105,-0.25904
0.847,0.0012197,-0.28648
0.848,0.0013463,-0.31685
0.849,0.001486,-0.35057
0.85,0.0016401,-0.38773
0.851,0.0018103,-0.42899
0.852,0.001998,-0.47446
0.853,0.0022052,-0.52496
0.854,0.0024338,-0.5806
0.855,0.0026861,-0.6424
0.856,0.0029645,-0.71048
0.857,0.0032717,-0.7861
0.858,0.0036106,-0.86942
0.859,0.0039846,-0.96197
0.86,0.0043973,-1.0639
0.861,0.0048526,-1.1772
0.862,0.005355,-1.3019
0.863,0.0059093,-1.4405
0.864,0.0065208,-1.5932
0.865,0.0071955,-1.7629
0.866,0.0079399,-1.9497
0.867,0.0087612,-2.1573
0.868,0.0096672,-2.3859
0.869,0.010667,-2.6401
0.87,0.011769,-2.9199
0.871,0.012986,-3.2309
0.872,0.014328,-3.5733
0.873,0.015808,-3.9541
0.874,0.017441,-4.3732
0.875,0.019242,-4.8392
0.876,0.021228,-5.3521
0.877,0.02342,-5.9226
0.878,0.025837,-6.5505
0.879,0.028503,-7.2488
0.88,0.031444,-8.0174
0.881,0.034687,-8.8724
0.882,0.038264,-9.8132
0.883,0.042209,-10.86
0.884,0.04656,-12.012
0.885,0.051359,-13.293
0.886,0.05665,-14.704
0.887,0.062486,-16.273
0.888,0.068922,-18
0.889,0.076019,-19.912
0.89,0.083845,-22.036
0.891,0.092475,-24.378
0.892,0.10199,-26.979
0.893,0.11248,-29.847
0.894,0.12405,-33.033
0.895,0.13681,-36.546
0.896,0.15087,-40.45
0.897,0.16638,-44.753
0.898,0.18348,-49.536
0.899,0.20233,-54.808
0.9,0.22311,-60.669
0.901,0.24602,-67.129
0.902,0.27128,-74.313
0.903,0.29913,-82.229
0.904,0.32982,-91.035
0.905,0.36366,-100.74
0.906,0.40095,-111.54
0.907,0.44207,-123.43
0.908,0.48739,-136.67
0.909,0.53733,-151.26
0.91,0.59239,-167.5
0.911,0.65307,-185.4
0.912,0.71995,-205.32
0.913,0.79366,-227.28
0.914,0.8749,-251.73
0.915,0.96442,-278.67
0.916,1.0631,-308.69
0.917,1.1718,-341.76
0.918,1.2916,-378.62
0.919,1.4236,-419.24
0.92,1.5691,-464.52
0.921,1.7294,-514.42
0.922,1.906,-570.06
0.923,2.1006,-631.39
0.924,2.3151,-699.8
0.925,2.5513,-775.21
0.926,2.8116,-859.34
0.927,3.0983,-952.11
0.928,3.4142,-1055.6
0.929,3.7622,-1169.8
0.93,4.1455,-1297.3
0.931,4.5678,-1437.9
0.932,5.0329,-1594.1
0.933,5.5452,-1768.3
0.934,6.1095,-1960.9
0.935,6.7311,-2175.6
0.936,7.4157,-2413.2
0.937,8.1696,-2678.3
0.938,8.9999,-2971.6
0.939,9.9144,-3299.1
0.94,10.921,-3661.6
0.941,12.03,-4066.5
0.942,13.251,-4514.9
0.943,14.596,-5016.1
0.944,16.077,-5571.4
0.945,17.707,-6192.5
0.946,19.501,-6881
0.947,21.478,-7651.7
0.948,23.653,-8506.5
0.949,26.048,-9464.1
0.95,28.685,-10527
0.951,31.587,-11719
0.952,34.782,-13042
0.953,38.298,-14528
0.954,42.169,-16180
0.955,46.43,-18036
0.956,51.119,-20101
0.957,56.279,-22425
0.958,61.959,-25013
0.959,68.209,-27929
0.96,75.087,-31182
0.961,82.655,-34851
0.962,90.983,-38951
0.963,100.15,-43584
0.964,110.23,-48767
0.965,121.32,-54638
0.966,133.52,-61218
0.967,146.95,-68687
0.968,161.72,-77077
0.969,177.96,-86625
0.97,195.83,-97379
0.971,215.49,-1.0965e+005
0.972,237.1,-1.2352e+005
0.973,260.88,-1.3931e+005
0.974,287.03,-1.5739e+005
0.975,315.78,-1.7799e+005
0.976,347.41,-2.0166e+005
0.977,382.18,-2.2874e+005
0.978,420.41,-2.6005e+005
0.979,462.45,-2.9607e+005
0.98,508.67,-3.3797e+005
0.981,559.49,-3.8652e+005
0.982,615.35,-4.4345e+005
0.983,676.76,-5.1001e+005
0.984,744.27,-5.8882e+005
0.985,818.47,-6.8204e+005
0.986,900.02,-7.9385e+005
0.987,989.66,-9.2813e+005
0.988,1088.2,-1.092e+006
0.989,1196.4,-1.293e+006
0.99,1315.4,-1.5443e+006
0.991,1446.1,-1.8618e+006
0.992,1589.8,-2.2737e+006
0.993,1747.6,-2.8188e+006
0.994,1920.9,-3.5689e+006
0.995,2111.4,-4.6445e+006
0.996,2320.7,-6.299e+006
0.997,2550.5,-9.1057e+006
0.998,2803,-1.4816e+007
0.999,3080.2,-3.2117e+007
1,3384.8,Inf
1.001,3719.2,3.774e+007
1.002,4086.5,2.0458e+007
1.003,4489.7,1.4775e+007
1.004,4932.5,1.2011e+007
1.005,5418.7,1.0406e+007
1.006,5952.4,9.397e+006
1.007,6538.3,8.7209e+006
1.008,7181.5,8.2667e+006
1.009,7887.5,7.9539e+006
1.01,8662.3,7.7531e+006
1.011,9512.7,7.6273e+006
1.012,10446,7.5705e+006
1.013,11470,7.5602e+006
1.014,12594,7.5995e+006
1.015,13827,7.6714e+006
1.016,15179,7.7787e+006
1.017,16663,7.9211e+006
1.018,18291,8.0892e+006
1.019,20077,8.2894e+006
1.02,22035,8.5129e+006
1.021,24183,8.7676e+006
1.022,26538,9.0447e+006
1.023,29121,9.3535e+006
1.024,31953,9.6849e+006
1.025,35058,1.005e+007
1.026,38462,1.0438e+007
1.027,42193,1.0861e+007
1.028,46283,1.131e+007
1.029,50766,1.1798e+007
1.03,55679,1.2313e+007
1.031,61063,1.287e+007
1.032,66963,1.3457e+007
1.033,73427,1.4091e+007
1.034,80509,1.4758e+007
1.035,88268,1.5478e+007
1.036,96767,1.6233e+007
1.037,1.0608e+005,1.7048e+007
1.038,1.1627e+005,1.7903e+007
1.039,1.2744e+005,1.8824e+007
1.04,1.3966e+005,1.9789e+007
1.041,1.5305e+005,2.0829e+007
1.042,1.677e+005,2.1919e+007
1.043,1.8375e+005,2.3093e+007
1.044,2.0131e+005,2.4322e+007
1.045,2.2053e+005,2.5646e+007
1.046,2.4157e+005,2.7032e+007
1.047,2.6459e+005,2.8525e+007
1.048,2.8978e+005,3.0088e+007
1.049,3.1734e+005,3.177e+007
1.05,3.4749e+005,3.3531e+007
1.051,3.8047e+005,3.5427e+007
1.052,4.1655e+005,3.7412e+007
1.053,4.56e+005,3.9549e+007
1.054,4.9915e+005,4.1786e+007
1.055,5.4633e+005,4.4195e+007
1.056,5.9791e+005,4.6715e+007
1.057,6.543e+005,4.9396e+007
1.058,7.1595e+005,5.2269e+007
1.059,7.8332e+005,5.5291e+007
1.06,8.5696e+005,5.8529e+007
1.061,9.3743e+005,6.1935e+007
1.062,1.0254e+006,6.5585e+007
1.063,1.1214e+006,6.9422e+007
1.064,1.2264e+006,7.3537e+007
1.065,1.341e+006,7.7862e+007
1.066,1.4662e+006,8.2501e+007
1.067,1.6029e+006,8.7376e+007
1.068,1.7522e+006,9.2606e+007
1.069,1.9152e+006,9.81e+007
1.07,2.0932e+006,1.04e+008
1.071,2.2874e+006,1.1019e+008
1.072,2.4995e+006,1.1684e+008
1.073,2.7308e+006,1.2382e+008
1.074,2.9834e+006,1.3132e+008
1.075,3.2588e+006,1.3919e+008
1.076,3.5594e+006,1.4765e+008
1.077,3.8872e+006,1.5652e+008
1.078,4.2448e+006,1.6606e+008
1.079,4.6348e+006,1.7607e+008
1.08,5.06e+006,1.8682e+008
1.081,5.5237e+006,1.9811e+008
1.082,6.0291e+006,2.1024e+008
1.083,6.5801e+006,2.2296e+008
1.084,7.1806e+006,2.3665e+008
1.085,7.835e+006,2.51e+008
1.086,8.5482e+006,2.6643e+008
1.087,9.3251e+006,2.8261e+008
1.088,1.0171e+007,3.0003e+008
1.089,1.1093e+007,3.1827e+008
1.09,1.2097e+007,3.3792e+008
1.091,1.3191e+007,3.585e+008
1.092,1.4381e+007,3.8066e+008
1.093,1.5677e+007,4.0387e+008
1.094,1.7089e+007,4.2887e+008
1.095,1.8624e+007,4.5505e+008
1.096,2.0296e+007,4.8326e+008
1.097,2.2114e+007,5.1278e+008
1.098,2.4093e+007,5.4461e+008
1.099,2.6245e+007,5.779e+008
1.1,2.8586e+007,6.1335e+008
1.101,3.1133e+007,6.5136e+008
1.102,3.3902e+007,6.9134e+008
1.103,3.6913e+007,7.3423e+008
1.104,4.0186e+007,7.7932e+008
1.105,4.3744e+007,8.2771e+008
1.106,4.7612e+007,8.7857e+008
1.107,5.1815e+007,9.3317e+008
1.108,5.6381e+007,9.9053e+008
1.109,6.1343e+007,1.0521e+009
1.11,6.6732e+007,1.1168e+009
1.111,7.2587e+007,1.1863e+009
1.112,7.8945e+007,1.2593e+009
1.113,8.5849e+007,1.3377e+009
1.114,9.3345e+007,1.42e+009
1.115,1.0148e+008,1.5085e+009
1.116,1.1032e+008,1.6013e+009
1.117,1.199e+008,1.7011e+009
1.118,1.3031e+008,1.8058e+009
1.119,1.416e+008,1.9184e+009
1.12,1.5384e+008,2.0365e+009
1.121,1.6713e+008,2.1635e+009
1.122,1.8153e+008,2.2967e+009
1.123,1.9716e+008,2.44e+009
1.124,2.141e+008,2.5902e+009
1.125,2.3247e+008,2.7519e+009
1.126,2.5238e+008,2.9212e+009
1.127,2.7397e+008,3.1036e+009
1.128,2.9736e+008,3.2946e+009
1.129,3.2271e+008,3.5004e+009
1.13,3.5017e+008,3.7158e+009
1.131,3.7992e+008,3.9479e+009
1.132,4.1214e+008,4.1908e+009
1.133,4.4705e+008,4.4527e+009
1.134,4.8485e+008,4.7266e+009
1.135,5.2578e+008,5.022e+009
1.136,5.7008e+008,5.3308e+009
1.137,6.1805e+008,5.6641e+009
1.138,6.6996e+008,6.0123e+009
1.139,7.2615e+008,6.3882e+009
1.14,7.8694e+008,6.7809e+009
1.141,8.5273e+008,7.2049e+009
1.142,9.2387e+008,7.6476e+009
1.143,1.0008e+009,8.1189e+009
1.144,1.0841e+009,8.625e+009
1.145,1.1741e+009,9.1564e+009
1.146,1.2715e+009,9.7272e+009
1.147,1.3767e+009,1.0326e+010
1.148,1.4905e+009,1.097e+010
1.149,1.6134e+009,1.1646e+010
1.15,1.7463e+009,1.2371e+010
1.151,1.8899e+009,1.3133e+010
1.152,2.0451e+009,1.3952e+010
1.153,2.2127e+009,1.481e+010
1.154,2.3938e+009,1.5733e+010
1.155,2.5894e+009,1.6701e+010
1.156,2.8007e+009,1.7742e+010
1.157,3.0287e+009,1.8833e+010
1.158,3.275e+009,2.0007e+010
1.159,3.5408e+009,2.1236e+010
1.16,3.8279e+009,2.256e+010
1.161,4.1376e+009,2.3946e+010
1.162,4.472e+009,2.5439e+010
1.163,4.8326e+009,2.7e+010
1.164,5.222e+009,2.8684e+010
1.165,5.6418e+009,3.0444e+010
1.166,6.0949e+009,3.2341e+010
1.167,6.5833e+009,3.4325e+010
1.168,7.1104e+009,3.6465e+010
1.169,7.6784e+009,3.87e+010
1.17,8.2913e+009,4.1112e+010
1.171,8.9515e+009,4.3631e+010
1.172,9.6639e+009,4.635e+010
1.173,1.0431e+010,4.9189e+010
1.174,1.1259e+010,5.2254e+010
1.175,1.2149e+010,5.5452e+010
1.176,1.311e+010,5.8907e+010
1.177,1.4145e+010,6.2511e+010
1.178,1.526e+010,6.6406e+010
1.179,1.646e+010,7.0465e+010
1.18,1.7755e+010,7.4856e+010
1.181,1.9147e+010,7.9429e+010
1.182,2.0648e+010,8.4377e+010
1.183,2.2262e+010,8.953e+010
1.184,2.4e+010,9.5016e+010
1.185,2.5872e+010,1.0091e+011
1.186,2.7886e+010,1.0709e+011
1.187,3.0056e+010,1.1373e+011
1.188,3.2388e+010,1.2069e+011
1.189,3.4901e+010,1.2818e+011
1.19,3.7601e+010,1.3602e+011
1.191,4.051e+010,1.4446e+011
1.192,4.3635e+010,1.5329e+011
1.193,4.7e+010,1.6279e+011
1.194,5.0616e+010,1.7273e+011
1.195,5.4508e+010,1.8344e+011
1.196,5.8689e+010,1.9464e+011
1.197,6.319e+010,2.0671e+011
1.198,6.8022e+010,2.1932e+011
1.199,7.3224e+010,2.3291e+011
1.2,7.8807e+010,2.4711e+011
1.201,8.4818e+010,2.6242e+011
1.202,9.1266e+010,2.7841e+011
1.203,9.8207e+010,2.9566e+011
1.204,1.0565e+011,3.1366e+011
1.205,1.1366e+011,3.3309e+011
1.206,1.2226e+011,3.5335e+011
1.207,1.315e+011,3.7523e+011
1.208,1.4141e+011,3.9805e+011
1.209,1.5208e+011,4.2269e+011
1.21,1.6351e+011,4.4837e+011
1.211,1.7581e+011,4.7613e+011
1.212,1.8898e+011,5.0503e+011
1.213,2.0316e+011,5.3629e+011
1.214,2.1833e+011,5.6882e+011
1.215,2.3467e+011,6.0401e+011
1.216,2.5215e+011,6.4062e+011
1.217,2.7096e+011,6.8025e+011
1.218,2.9109e+011,7.2145e+011
1.219,3.1275e+011,7.6607e+011
1.22,3.3591e+011,8.1243e+011
1.221,3.6084e+011,8.6267e+011
1.222,3.8747e+011,9.1482e+011
1.223,4.1615e+011,9.7138e+011
1.224,4.4678e+011,1.0301e+012
1.225,4.7976e+011,1.0937e+012
1.226,5.1497e+011,1.1597e+012
1.227,5.5273e+011,1.23e+012
1.228,5.9332e+011,1.3057e+012
1.229,6.367e+011,1.3847e+012
1.23,6.8333e+011,1.4698e+012
1.231,7.3313e+011,1.5587e+012
1.232,7.8667e+011,1.6545e+012
1.233,8.4383e+011,1.7545e+012
1.234,9.0528e+011,1.8623e+012
1.235,9.7085e+011,1.9748e+012
1.236,1.0414e+012,2.096e+012
1.237,1.1165e+012,2.2225e+012
1.238,1.1974e+012,2.3589e+012
1.239,1.2835e+012,2.5011e+012
1.24,1.3762e+012,2.6546e+012
1.241,1.4749e+012,2.8144e+012
1.242,1.5811e+012,2.9871e+012
1.243,1.6942e+012,3.1667e+012
1.244,1.8158e+012,3.3609e+012
1.245,1.9451e+012,3.5628e+012
1.246,2.0843e+012,3.7812e+012
1.247,2.2323e+012,4.0081e+012
1.248,2.3916e+012,4.2537e+012
1.249,2.5608e+012,4.5087e+012
1.25,2.743e+012,4.7849e+012
1.251,2.9363e+012,5.0714e+012
1.252,3.1445e+012,5.3819e+012
1.253,3.3654e+012,5.7038e+012
1.254,3.6033e+012,6.0528e+012
1.255,3.8554e+012,6.4144e+012
1.256,4.1271e+012,6.8067e+012
1.257,4.4147e+012,7.2129e+012
1.258,4.7249e+012,7.6538e+012
1.259,5.0529e+012,8.1099e+012
1.26,5.4067e+012,8.6055e+012
1.261,5.7805e+012,9.1176e+012
1.262,6.184e+012,9.6745e+012
1.263,6.6098e+012,1.0249e+013
1.264,7.0696e+012,1.0875e+013
1.265,7.5544e+012,1.1521e+013
1.266,8.0781e+012,1.2223e+013
1.267,8.6297e+012,1.2948e+013
1.268,9.219e+012,1.3719e+013
1.269,9.8531e+012,1.455e+013
1.27,1.0523e+013,1.5415e+013
1.271,1.1244e+013,1.6349e+013
1.272,1.2006e+013,1.732e+013
1.273,1.2825e+013,1.8368e+013
1.274,1.369e+013,1.9457e+013
1.275,1.4621e+013,2.0634e+013
1.276,1.5602e+013,2.1855e+013
1.277,1.666e+013,2.3176e+013
1.278,1.7772e+013,2.4546e+013
1.279,1.8972e+013,2.6029e+013
1.28,2.0234e+013,2.7564e+013
1.281,2.1594e+013,2.9228e+013
1.282,2.3023e+013,3.095e+013
1.283,2.4566e+013,3.2816e+013
1.284,2.6184e+013,3.4746e+013
1.285,2.7931e+013,3.6839e+013
1.286,2.9761e+013,3.9002e+013
1.287,3.174e+013,4.135e+013
1.288,3.381e+013,4.3773e+013
1.289,3.6048e+013,4.6406e+013
1.29,3.8387e+013,4.912e+013
1.291,4.0919e+013,5.2072e+013
1.292,4.3561e+013,5.5112e+013
1.293,4.6423e+013,5.8421e+013
1.294,4.9405e+013,6.1825e+013
1.295,5.2638e+013,6.5534e+013
1.296,5.6002e+013,6.9345e+013
1.297,5.9652e+013,7.35e+013
1.298,6.3445e+013,7.7766e+013
1.299,6.7564e+013,8.2421e+013
1.3,7.1837e+013,8.7195e+013
1.301,7.6483e+013,9.241e+013
1.302,8.1295e+013,9.775e+013
1.303,8.6531e+013,1.0359e+014
1.304,9.1947e+013,1.0956e+014
1.305,9.7847e+013,1.161e+014
1.306,1.0394e+014,1.2278e+014
1.307,1.1058e+014,1.301e+014
1.308,1.1743e+014,1.3757e+014
1.309,1.2491e+014,1.4576e+014
1.31,1.326e+014,1.5411e+014
1.311,1.408e+014,1.6299e+014
1.312,1.4966e+014,1.7261e+014
1.313,1.5886e+014,1.8253e+014
1.314,1.6881e+014,1.9328e+014
1.315,1.7914e+014,2.0437e+014
1.316,1.9032e+014,2.1639e+014
1.317,2.019e+014,2.2877e+014
1.318,2.1446e+014,2.4222e+014
1.319,2.2744e+014,2.5603e+014
1.32,2.4153e+014,2.7106e+014
1.321,2.5608e+014,2.8649e+014
1.322,2.7188e+014,3.0328e+014
1.323,2.8818e+014,3.2049e+014
1.324,3.0589e+014,3.3925e+014
1.325,3.2413e+014,3.5845e+014
1.326,3.4398e+014,3.794e+014
1.327,3.6439e+014,4.0081e+014
1.328,3.8662e+014,4.242e+014
1.329,4.0944e+014,4.4808e+014
1.33,4.3434e+014,4.7419e+014
1.331,4.5983e+014,5.0079e+014
1.332,4.877e+014,5.2993e+014
1.333,5.1618e+014,5.5957e+014
1.334,5.4734e+014,5.9208e+014
1.335,5.7914e+014,6.2509e+014
1.336,6.1399e+014,6.6134e+014
1.337,6.4948e+014,6.981e+014
1.338,6.8842e+014,7.3852e+014
1.339,7.28e+014,7.7943e+014
1.34,7.715e+014,8.2448e+014
1.341,8.1563e+014,8.6999e+014
1.342,8.642e+014,9.2019e+014
1.343,9.1337e+014,9.7081e+014
1.344,9.6757e+014,1.0267e+015
1.345,1.0223e+015,1.083e+015
1.346,1.0828e+015,1.1453e+015
1.347,1.1437e+015,1.2078e+015
1.348,1.2112e+015,1.2771e+015
1.349,1.279e+015,1.3465e+015
1.35,1.3541e+015,1.4236e+015
1.351,1.4295e+015,1.5007e+015
1.352,1.5097e+015,1.5827e+015
1.353,1.597e+015,1.6721e+015
1.354,1.686e+015,1.763e+015
1.355,1.7832e+015,1.8623e+015
1.356,1.8821e+015,1.9632e+015
1.357,1.9902e+015,2.0735e+015
1.358,2.1e+015,2.1853e+015
1.359,2.2201e+015,2.3078e+015
1.36,2.3419e+015,2.4317e+015
1.361,2.4753e+015,2.5677e+015
1.362,2.6103e+015,2.7048e+015
1.363,2.7585e+015,2.8557e+015
1.364,2.908e+015,3.0074e+015
1.365,3.0726e+015,3.1747e+015
1.366,3.238e+015,3.3425e+015
1.367,3.4205e+015,3.5279e+015
1.368,3.6036e+015,3.7134e+015
1.369,3.8059e+015,3.9187e+015
1.37,4.0083e+015,4.1236e+015
1.371,4.2324e+015,4.3508e+015
1.372,4.4559e+015,4.577e+015
1.373,4.704e+015,4.8283e+015
1.374,4.9507e+015,5.0778e+015
1.375,5.2253e+015,5.3557e+015
1.376,5.4973e+015,5.6306e+015
1.377,5.8008e+015,5.9376e+015
1.378,6.1006e+015,6.2403e+015
1.379,6.4359e+015,6.5793e+015
1.38,6.7659e+015,6.9123e+015
1.381,7.1361e+015,7.2863e+015
1.382,7.499e+015,7.6523e+015
1.383,7.9073e+015,8.0647e+015
1.384,8.306e+015,8.4665e+015
1.385,8.756e+015,8.9207e+015
1.386,9.1935e+015,9.3615e+015
1.387,9.689e+015,9.8614e+015
1.388,1.0169e+016,1.0344e+016
1.389,1.0714e+016,1.0894e+016
1.39,1.1239e+016,1.1422e+016
1.391,1.1838e+016,1.2026e+016
1.392,1.2412e+016,1.2604e+016
1.393,1.3069e+016,1.3266e+016
1.394,1.3696e+016,1.3896e+016
1.395,1.4361e+016,1.4565e+016
1.396,1.51e+016,1.5309e+016
1.397,1.5825e+016,1.6038e+016
1.398,1.6634e+016,1.6852e+016
1.399,1.7422e+016,1.7644e+016
1.4,1.8305e+016,1.8532e+016
1.401,1.9162e+016,1.9392e+016
1.402,2.0125e+016,2.0361e+016
1.403,2.1053e+016,2.1293e+016
1.404,2.2102e+016,2.2347e+016
1.405,2.3106e+016,2.3355e+016
1.406,2.4245e+016,2.45e+016
1.407,2.5329e+016,2.5587e+016
1.408,2.6565e+016,2.6829e+016
1.409,2.7731e+016,2.7999e+016
1.41,2.9069e+016,2.9343e+016
1.411,3.032e+016,3.0597e+016
1.412,3.1766e+016,3.2049e+016
1.413,3.3104e+016,3.339e+016
1.414,3.4661e+016,3.4955e+016
1.415,3.6087e+016,3.6383e+016
1.416,3.7761e+016,3.8063e+016
1.417,3.9274e+016,3.9579e+016
1.418,4.1067e+016,4.1378e+016
1.419,4.2665e+016,4.2979e+016
1.42,4.4579e+016,4.4899e+016
1.421,4.6258e+016,4.658e+016
1.422,4.8294e+016,4.8622e+016
1.423,5.0047e+016,5.0376e+016
1.424,5.2202e+016,5.2537e+016
1.425,5.4018e+016,5.4354e+016
1.426,5.6288e+016,5.663e+016
1.427,5.8154e+016,5.8496e+016
1.428,6.0531e+016,6.0878e+016
1.429,6.2427e+016,6.2773e+016
1.43,6.4898e+016,6.525e+016
1.431,6.6799e+016,6.7148e+016
1.432,6.9348e+016,6.9703e+016
1.433,7.1221e+016,7.1572e+016
1.434,7.3825e+016,7.418e+016
1.435,7.5628e+016,7.5978e+016
1.436,7.7521e+016,7.7864e+016
1.437,7.9937e+016,8.0284e+016
1.438,8.1696e+016,8.2034e+016
1.439,8.4042e+016,8.4383e+016
1.44,8.5598e+016,8.5927e+016
1.441,8.7813e+016,8.8144e+016
1.442,8.9079e+016,8.9396e+016
1.443,9.1087e+016,9.1404e+016
1.444,9.2129e+016,9.2434e+016
1.445,9.3923e+016,9.4228e+016
1.446,9.4753e+016,9.5046e+016
1.447,9.6336e+016,9.6628e+016
1.448,9.696e+016,9.7241e+016
1.449,9.8336e+016,9.8616e+016
1.45,9.8764e+016,9.9032e+016
1.451,9.9939e+016,1.0021e+017
1.452,1.0018e+017,1.0044e+017
1.453,1.0116e+017,1.0142e+017
1.454,1.0123e+017,1.0147e+017
1.455,1.0203e+017,1.0227e+017
1.456,1.0192e+017,1.0216e+017
1.457,1.0255e+017,1.0278e+017
1.458,1.0229e+017,1.0251e+017
1.459,1.0275e+017,1.0297e+017
1.46,1.0235e+017,1.0257e+017
1.461,1.0266e+017,1.0287e+017
1.462,1.0213e+017,1.0233e+017
1.463,1.023e+017,1.025e+017
1.464,1.0165e+017,1.0184e+017
1.465,1.0168e+017,1.0187e+017
1.466,1.0092e+017,1.011e+017
1.467,1.0083e+017,1.0101e+017
1.468,9.9976e+016,1.0015e+017
1.469,9.9772e+016,9.9942e+016
1.47,9.883e+016,9.8992e+016
1.471,9.8524e+016,9.8685e+016
1.472,9.7506e+016,9.7658e+016
1.473,9.7107e+016,9.7259e+016
1.474,9.6021e+016,9.6165e+016
1.475,9.5538e+016,9.5682e+016
1.476,9.4393e+016,9.453e+016
1.477,9.3836e+016,9.3972e+016
1.478,9.2641e+016,9.277e+016
1.479,9.1558e+016,9.1681e+016
1.48,9.078e+016,9.0902e+016
1.481,8.9652e+016,8.9768e+016
1.482,8.8826e+016,8.8941e+016
1.483,8.7661e+016,8.777e+016
1.484,8.6793e+016,8.6902e+016
1.485,8.5598e+016,8.5701e+016
1.486,8.4695e+016,8.4797e+016
1.487,8.3476e+016,8.3573e+016
1.488,8.2543e+016,8.264e+016
1.489,8.1306e+016,8.1398e+016
1.49,8.0351e+016,8.0442e+016
1.491,7.9102e+016,7.9188e+016
1.492,7.8127e+016,7.8213e+016
1.493,7.6871e+016,7.6952e+016
1.494,7.5883e+016,7.5964e+016
1.495,7.4624e+016,7.4701e+016
1.496,7.3628e+016,7.3704e+016
1.497,7.237e+016,7.2442e+016
1.498,7.1368e+016,7.144e+016
1.499,7.0116e+016,7.0184e+016
1.5,6.9113e+016,6.918e+016
1.501,6.787e+016,6.7933e+016
1.502,6.6868e+016,6.6932e+016
1.503,6.5637e+016,6.5697e+016
1.504,6.4641e+016,6.47e+016
1.505,6.3424e+016,6.348e+016
1.506,6.2435e+016,6.2491e+016
1.507,6.1235e+016,6.1288e+016
1.508,6.0256e+016,6.0309e+016
1.509,5.9076e+016,5.9125e+016
1.51,5.8109e+016,5.8159e+016
1.511,5.695e+016,5.6996e+016
1.512,5.5997e+016,5.6043e+016
1.513,5.486e+016,5.4904e+016
1.514,5.3924e+016,5.3967e+016
1.515,5.2811e+016,5.2852e+016
1.516,5.1891e+016,5.1932e+016
1.517,5.0804e+016,5.0842e+016
1.518,4.9903e+016,4.9941e+016
1.519,4.8841e+016,4.8878e+016
1.52,4.7832e+016,4.7866e+016
1.521,4.6925e+016,4.6959e+016
1.522,4.5941e+016,4.5973e+016
1.523,4.5057e+016,4.5089e+016
1.524,4.4099e+016,4.4129e+016
1.525,4.3238e+016,4.3268e+016
1.526,4.2306e+016,4.2334e+016
1.527,4.147e+016,4.1498e+016
1.528,4.0564e+016,4.059e+016
1.529,3.9752e+016,3.9778e+016
1.53,3.8873e+016,3.8897e+016
1.531,3.8085e+016,3.8109e+016
1.532,3.7233e+016,3.7256e+016
1.533,3.6469e+016,3.6492e+016
1.534,3.5644e+016,3.5666e+016
1.535,3.4904e+016,3.4926e+016
1.536,3.4106e+016,3.4127e+016
1.537,3.3391e+016,3.3411e+016
1.538,3.262e+016,3.2639e+016
1.539,3.1929e+016,3.1948e+016
1.54,3.1184e+016,3.1202e+016
1.541,3.0516e+016,3.0534e+016
1.542,2.9798e+016,2.9814e+016
1.543,2.9154e+016,2.9171e+016
1.544,2.8461e+016,2.8477e+016
1.545,2.784e+016,2.7856e+016
1.546,2.7173e+016,2.7188e+016
1.547,2.6575e+016,2.659e+016
1.548,2.5932e+016,2.5946e+016
1.549,2.5357e+016,2.5371e+016
1.55,2.4739e+016,2.4752e+016
1.551,2.4186e+016,2.4198e+016
1.552,2.3591e+016,2.3603e+016
1.553,2.3059e+016,2.3071e+016
1.554,2.2488e+016,2.25e+016
1.555,2.1977e+016,2.1989e+016
1.556,2.1429e+016,2.144e+016
1.557,2.0939e+016,2.0949e+016
1.558,2.0413e+016,2.0423e+016
1.559,1.9942e+016,1.9952e+016
1.56,1.9438e+016,1.9447e+016
1.561,1.8987e+016,1.8996e+016
1.562,1.8503e+016,1.8512e+016
1.563,1.804e+016,1.8048e+016
1.564,1.7608e+016,1.7616e+016
1.565,1.7164e+016,1.7172e+016
1.566,1.6751e+016,1.6758e+016
1.567,1.6325e+016,1.6332e+016
1.568,1.593e+016,1.5937e+016
1.569,1.5523e+016,1.553e+016
1.57,1.5145e+016,1.5152e+016
1.571,1.4756e+016,1.4762e+016
1.572,1.4394e+016,1.44e+016
1.573,1.4022e+016,1.4028e+016
1.574,1.3677e+016,1.3683e+016
1.575,1.3321e+016,1.3327e+016
1.576,1.2992e+016,1.2997e+016
1.577,1.2652e+016,1.2657e+016
1.578,1.2337e+016,1.2342e+016
1.579,1.2013e+016,1.2018e+016
1.58,1.1713e+016,1.1717e+016
1.581,1.1403e+016,1.1408e+016
1.582,1.1117e+016,1.1121e+016
1.583,1.0821e+016,1.0826e+016
1.584,1.0548e+016,1.0553e+016
1.585,1.0267e+016,1.0271e+016
1.586,1.0007e+016,1.0011e+016
1.587,9.7383e+015,9.742e+015
1.588,9.4904e+015,9.494e+015
1.589,9.2347e+015,9.2381e+015
1.59,8.9986e+015,9.0019e+015
1.591,8.755e+015,8.7582e+015
1.592,8.5302e+015,8.5334e+015
1.593,8.2983e+015,8.3013e+015
1.594,8.0844e+015,8.0873e+015
1.595,7.8637e+015,7.8664e+015
1.596,7.6601e+015,7.6629e+015
1.597,7.4501e+015,7.4527e+015
1.598,7.2565e+015,7.2591e+015
1.599,7.0567e+015,7.0592e+015
1.6,6.8727e+015,6.8751e+015
1.601,6.6827e+015,6.685e+015
1.602,6.5078e+015,6.51e+015
1.603,6.3272e+015,6.3293e+015
1.604,6.1609e+015,6.163e+015
1.605,5.9893e+015,5.9913e+015
1.606,5.8242e+015,5.8261e+015
1.607,5.6684e+015,5.6702e+015
1.608,5.5115e+015,5.5132e+015
1.609,5.3635e+015,5.3653e+015
1.61,5.2145e+015,5.2162e+015
1.611,5.0741e+015,5.0757e+015
1.612,4.9327e+015,4.9342e+015
1.613,4.7994e+015,4.8009e+015
1.614,4.6651e+015,4.6665e+015
1.615,4.5387e+015,4.5401e+015
1.616,4.4113e+015,4.4126e+015
1.617,4.2914e+015,4.2927e+015
1.618,4.1705e+015,4.1717e+015
1.619,4.0568e+015,4.0581e+015
1.62,3.9422e+015,3.9433e+015
1.621,3.8344e+015,3.8356e+015
1.622,3.7257e+015,3.7267e+015
1.623,3.6236e+015,3.6246e+015
1.624,3.5205e+015,3.5215e+015
1.625,3.4237e+015,3.4247e+015
1.626,3.326e+015,3.3269e+015
1.627,3.2343e+015,3.2353e+015
1.628,3.1418e+015,3.1426e+015
1.629,3.055e+015,3.0558e+015
1.63,2.9672e+015,2.968e+015
1.631,2.885e+015,2.8858e+015
1.632,2.802e+015,2.8027e+015
1.633,2.7241e+015,2.7249e+015
1.634,2.6455e+015,2.6462e+015
1.635,2.5718e+015,2.5725e+015
1.636,2.4973e+015,2.498e+015
1.637,2.4277e+015,2.4283e+015
1.638,2.3571e+015,2.3578e+015
1.639,2.2912e+015,2.2918e+015
1.64,2.2245e+015,2.2251e+015
1.641,2.1621e+015,2.1627e+015
1.642,2.099e+015,2.0995e+015
1.643,2.04e+015,2.0405e+015
1.644,1.9803e+015,1.9808e+015
1.645,1.9245e+015,1.925e+015
1.646,1.868e+015,1.8685e+015
1.647,1.8136e+015,1.8141e+015
1.648,1.7619e+015,1.7623e+015
1.649,1.7104e+015,1.7108e+015
1.65,1.6616e+015,1.662e+015
1.651,1.6129e+015,1.6133e+015
1.652,1.5667e+015,1.5671e+015
1.653,1.5207e+015,1.5211e+015
1.654,1.4771e+015,1.4775e+015
1.655,1.4336e+015,1.434e+015
1.656,1.3924e+015,1.3928e+015
1.657,1.3514e+015,1.3517e+015
1.658,1.3124e+015,1.3128e+015
1.659,1.2736e+015,1.2739e+015
1.66,1.2369e+015,1.2372e+015
1.661,1.2002e+015,1.2005e+015
1.662,1.1655e+015,1.1658e+015
1.663,1.1309e+015,1.1312e+015
1.664,1.0982e+015,1.0984e+015
1.665,1.0655e+015,1.0657e+015
1.666,1.0346e+015,1.0348e+015
1.667,1.0037e+015,1.0039e+015
1.668,9.7455e+014,9.7476e+014
1.669,9.4542e+014,9.4562e+014
1.67,9.1789e+014,9.1809e+014
1.671,8.904e+014,8.9059e+014
1.672,8.6443e+014,8.6462e+014
1.673,8.3848e+014,8.3866e+014
1.674,8.1398e+014,8.1416e+014
1.675,7.895e+014,7.8967e+014
1.676,7.664e+014,7.6656e+014
1.677,7.433e+014,7.4346e+014
1.678,7.2152e+014,7.2167e+014
1.679,6.9973e+014,6.9988e+014
1.68,6.7919e+014,6.7933e+014
1.681,6.5864e+014,6.5878e+014
1.682,6.3927e+014,6.3941e+014
1.683,6.199e+014,6.2002e+014
1.684,6.0164e+014,6.0177e+014
1.685,5.8337e+014,5.8349e+014
1.686,5.6616e+014,5.6628e+014
1.687,5.4894e+014,5.4905e+014
1.688,5.3272e+014,5.3283e+014
1.689,5.1649e+014,5.1659e+014
1.69,5.0084e+014,5.0093e+014
1.691,4.8591e+014,4.86e+014
1.692,4.7115e+014,4.7124e+014
1.693,4.5709e+014,4.5718e+014
1.694,4.4319e+014,4.4327e+014
1.695,4.2994e+014,4.3002e+014
1.696,4.1684e+014,4.1692e+014
1.697,4.0436e+014,4.0444e+014
1.698,3.9202e+014,3.9209e+014
1.699,3.8027e+014,3.8034e+014
1.7,3.6864e+014,3.6871e+014
1.701,3.5758e+014,3.5765e+014
1.702,3.4663e+014,3.4669e+014
1.703,3.3621e+014,3.3627e+014
1.704,3.259e+014,3.2596e+014
1.705,3.1609e+014,3.1615e+014
1.706,3.0638e+014,3.0644e+014
1.707,2.9715e+014,2.972e+014
1.708,2.8801e+014,2.8806e+014
1.709,2.7932e+014,2.7937e+014
1.71,2.7071e+014,2.7076e+014
1.711,2.6253e+014,2.6258e+014
1.712,2.5443e+014,2.5447e+014
1.713,2.4673e+014,2.4678e+014
1.714,2.391e+014,2.3915e+014
1.715,2.3187e+014,2.3191e+014
1.716,2.2469e+014,2.2472e+014
1.717,2.1787e+014,2.1791e+014
1.718,2.1112e+014,2.1115e+014
1.719,2.0471e+014,2.0475e+014
1.72,1.9835e+014,1.9839e+014
1.721,1.9233e+014,1.9236e+014
1.722,1.8635e+014,1.8638e+014
1.723,1.8068e+014,1.8071e+014
1.724,1.7505e+014,1.7508e+014
1.725,1.6972e+014,1.6975e+014
1.726,1.6443e+014,1.6445e+014
1.727,1.5941e+014,1.5944e+014
1.728,1.5443e+014,1.5446e+014
1.729,1.4972e+014,1.4975e+014
1.73,1.4504e+014,1.4506e+014
1.731,1.4052e+014,1.4054e+014
1.732,1.362e+014,1.3623e+014
1.733,1.3196e+014,1.3198e+014
1.734,1.279e+014,1.2792e+014
1.735,1.239e+014,1.2392e+014
1.736,1.2009e+014,1.2011e+014
1.737,1.1633e+014,1.1635e+014
1.738,1.1275e+014,1.1277e+014
1.739,1.0922e+014,1.0923e+014
1.74,1.0585e+014,1.0586e+014
1.741,1.0253e+014,1.0255e+014
1.742,9.9363e+013,9.9378e+013
1.743,9.6244e+013,9.6259e+013
1.744,9.3269e+013,9.3283e+013
1.745,9.0338e+013,9.0351e+013
1.746,8.7542e+013,8.7555e+013
1.747,8.4788e+013,8.48e+013
1.748,8.2161e+013,8.2173e+013
1.749,7.9573e+013,7.9584e+013
1.75,7.7105e+013,7.7117e+013
1.751,7.4673e+013,7.4684e+013
1.752,7.2356e+013,7.2367e+013
1.753,7.0071e+013,7.0081e+013
1.754,6.7894e+013,6.7904e+013
1.755,6.5748e+013,6.5757e+013
1.756,6.3704e+013,6.3713e+013
1.757,6.1687e+013,6.1696e+013
1.758,5.9768e+013,5.9776e+013
1.759,5.7873e+013,5.7882e+013
1.76,5.6071e+013,5.6079e+013
1.761,5.4292e+013,5.43e+013
1.762,5.26e+013,5.2607e+013
1.763,5.0929e+013,5.0936e+013
1.764,4.934e+013,4.9347e+013
1.765,4.7771e+013,4.7777e+013
1.766,4.6279e+013,4.6286e+013
1.767,4.4806e+013,4.4812e+013
1.768,4.3406e+013,4.3412e+013
1.769,4.2022e+013,4.2028e+013
1.77,4.0708e+013,4.0714e+013
1.771,3.9409e+013,3.9415e+013
1.772,3.8176e+013,3.8181e+013
1.773,3.6956e+013,3.6961e+013
1.774,3.578e+013,3.5785e+013
1.775,3.4654e+013,3.4659e+013
1.776,3.355e+013,3.3555e+013
1.777,3.2493e+013,3.2497e+013
1.778,3.1457e+013,3.1461e+013
1.779,3.0465e+013,3.0469e+013
1.78,2.9493e+013,2.9497e+013
1.781,2.8562e+013,2.8566e+013
1.782,2.7649e+013,2.7653e+013
1.783,2.6776e+013,2.678e+013
1.784,2.592e+013,2.5923e+013
1.785,2.5101e+013,2.5104e+013
1.786,2.4297e+013,2.43e+013
1.787,2.3529e+013,2.3532e+013
1.788,2.2775e+013,2.2778e+013
1.789,2.2054e+013,2.2057e+013
1.79,2.1346e+013,2.1349e+013
1.791,2.067e+013,2.0673e+013
1.792,2.0007e+013,2.0009e+013
1.793,1.9373e+013,1.9375e+013
1.794,1.875e+013,1.8752e+013
1.795,1.8155e+013,1.8157e+013
1.796,1.7571e+013,1.7573e+013
1.797,1.7013e+013,1.7016e+013
1.798,1.6465e+013,1.6467e+013
1.799,1.5943e+013,1.5945e+013
1.8,1.5429e+013,1.543e+013
1.801,1.4938e+013,1.494e+013
1.802,1.4456e+013,1.4458e+013
1.803,1.3997e+013,1.3998e+013
1.804,1.3545e+013,1.3546e+013
1.805,1.3114e+013,1.3115e+013
1.806,1.269e+013,1.2691e+013
1.807,1.2286e+013,1.2287e+013
1.808,1.1888e+013,1.1889e+013
1.809,1.1509e+013,1.1511e+013
1.81,1.1137e+013,1.1138e+013
1.811,1.0782e+013,1.0783e+013
1.812,1.0432e+013,1.0433e+013
1.813,1.0099e+013,1.01e+013
1.814,9.7716e+012,9.7728e+012
1.815,9.4556e+012,9.4567e+012
1.816,9.1525e+012,9.1536e+012
1.817,8.8563e+012,8.8573e+012
1.818,8.5723e+012,8.5732e+012
1.819,8.2946e+012,8.2955e+012
1.82,8.0284e+012,8.0293e+012
1.821,7.7681e+012,7.7689e+012
1.822,7.5186e+012,7.5195e+012
1.823,7.2747e+012,7.2755e+012
1.824,7.0409e+012,7.0417e+012
1.825,6.8123e+012,6.813e+012
1.826,6.5932e+012,6.594e+012
1.827,6.3789e+012,6.3796e+012
1.828,6.1737e+012,6.1744e+012
1.829,5.9729e+012,5.9736e+012
1.83,5.7807e+012,5.7813e+012
1.831,5.5925e+012,5.5931e+012
1.832,5.4124e+012,5.413e+012
1.833,5.236e+012,5.2366e+012
1.834,5.0673e+012,5.0678e+012
1.835,4.9021e+012,4.9026e+012
1.836,4.744e+012,4.7445e+012
1.837,4.5892e+012,4.5897e+012
1.838,4.4411e+012,4.4416e+012
1.839,4.2961e+012,4.2965e+012
1.84,4.1574e+012,4.1579e+012
1.841,4.0216e+012,4.022e+012
1.842,3.8917e+012,3.8921e+012
1.843,3.7644e+012,3.7648e+012
1.844,3.6428e+012,3.6431e+012
1.845,3.5235e+012,3.5239e+012
1.846,3.4096e+012,3.41e+012
1.847,3.2979e+012,3.2982e+012
1.848,3.1912e+012,3.1916e+012
1.849,3.0866e+012,3.0869e+012
1.85,2.9867e+012,2.987e+012
1.851,2.8887e+012,2.889e+012
1.852,2.7952e+012,2.7955e+012
1.853,2.7034e+012,2.7037e+012
1.854,2.6158e+012,2.6161e+012
1.855,2.5299e+012,2.5301e+012
1.856,2.4479e+012,2.4481e+012
1.857,2.3674e+012,2.3676e+012
1.858,2.2898e+012,2.29e+012
1.859,2.2153e+012,2.2155e+012
1.86,2.1426e+012,2.1428e+012
1.861,2.0728e+012,2.073e+012
1.862,2.0048e+012,2.0049e+012
1.863,1.9395e+012,1.9396e+012
1.864,1.8757e+012,1.8759e+012
1.865,1.8146e+012,1.8148e+012
1.866,1.7549e+012,1.7551e+012
1.867,1.6977e+012,1.6979e+012
1.868,1.6418e+012,1.642e+012
1.869,1.5883e+012,1.5884e+012
1.87,1.536e+012,1.5361e+012
1.871,1.4859e+012,1.486e+012
1.872,1.4369e+012,1.437e+012
1.873,1.39e+012,1.3901e+012
1.874,1.3442e+012,1.3443e+012
1.875,1.3003e+012,1.3004e+012
1.876,1.2574e+012,1.2575e+012
1.877,1.2163e+012,1.2164e+012
1.878,1.1761e+012,1.1762e+012
1.879,1.1377e+012,1.1378e+012
1.88,1.1001e+012,1.1002e+012
1.881,1.0641e+012,1.0642e+012
1.882,1.0289e+012,1.029e+012
1.883,9.9524e+011,9.9533e+011
1.884,9.6232e+011,9.624e+011
1.885,9.3081e+011,9.309e+011
1.886,9e+011,9.0008e+011
1.887,8.7052e+011,8.706e+011
1.888,8.4169e+011,8.4176e+011
1.889,8.1411e+011,8.1419e+011
1.89,7.8713e+011,7.872e+011
1.891,7.6133e+011,7.614e+011
1.892,7.3608e+011,7.3614e+011
1.893,7.1194e+011,7.12e+011
1.894,6.8831e+011,6.8837e+011
1.895,6.6573e+011,6.6579e+011
1.896,6.4362e+011,6.4368e+011
1.897,6.225e+011,6.2256e+011
1.898,6.0182e+011,6.0187e+011
1.899,5.8187e+011,5.8192e+011
1.9,5.6271e+011,5.6275e+011
1.901,5.4404e+011,5.4409e+011
1.902,5.2612e+011,5.2616e+011
1.903,5.0866e+011,5.087e+011
1.904,4.9189e+011,4.9193e+011
1.905,4.7556e+011,4.756e+011
1.906,4.5988e+011,4.5992e+011
1.907,4.446e+011,4.4463e+011
1.908,4.2993e+011,4.2997e+011
1.909,4.1564e+011,4.1567e+011
1.91,4.0192e+011,4.0196e+011
1.911,3.8855e+011,3.8858e+011
1.912,3.7573e+011,3.7576e+011
1.913,3.6322e+011,3.6325e+011
1.914,3.5123e+011,3.5126e+011
1.915,3.3953e+011,3.3956e+011
1.916,3.2831e+011,3.2834e+011
1.917,3.1737e+011,3.174e+011
1.918,3.0688e+011,3.0691e+011
1.919,2.9665e+011,2.9667e+011
1.92,2.8684e+011,2.8687e+011
1.921,2.7727e+011,2.773e+011
1.922,2.681e+011,2.6813e+011
1.923,2.5915e+011,2.5918e+011
1.924,2.5058e+011,2.506e+011
1.925,2.4221e+011,2.4223e+011
1.926,2.3419e+011,2.3421e+011
1.927,2.2637e+011,2.2639e+011
1.928,2.1887e+011,2.1889e+011
1.929,2.1156e+011,2.1157e+011
1.93,2.0455e+011,2.0457e+011
1.931,1.9771e+011,1.9772e+011
1.932,1.9116e+011,1.9117e+011
1.933,1.8476e+011,1.8477e+011
1.934,1.7863e+011,1.7865e+011
1.935,1.7265e+011,1.7267e+011
1.936,1.6693e+011,1.6694e+011
1.937,1.6133e+011,1.6135e+011
1.938,1.5598e+011,1.56e+011
1.939,1.5075e+011,1.5077e+011
1.94,1.4575e+011,1.4576e+011
1.941,1.4086e+011,1.4087e+011
1.942,1.3615e+011,1.3616e+011
1.943,1.3162e+011,1.3163e+011
1.944,1.2721e+011,1.2722e+011
1.945,1.2298e+011,1.2299e+011
1.946,1.1886e+011,1.1886e+011
1.947,1.149e+011,1.1491e+011
1.948,1.1105e+011,1.1105e+011
1.949,1.0735e+011,1.0736e+011
1.95,1.0375e+011,1.0375e+011
1.951,1.0029e+011,1.003e+011
1.952,9.6924e+010,9.6932e+010
1.953,9.3694e+010,9.3701e+010
1.954,9.0548e+010,9.0555e+010
1.955,8.7529e+010,8.7536e+010
1.956,8.4589e+010,8.4595e+010
1.957,8.1768e+010,8.1774e+010
1.958,7.902e+010,7.9025e+010
1.959,7.6383e+010,7.6389e+010
1.96,7.3815e+010,7.382e+010
1.961,7.1352e+010,7.1357e+010
1.962,6.8951e+010,6.8956e+010
1.963,6.6649e+010,6.6654e+010
1.964,6.4406e+010,6.4411e+010
1.965,6.2255e+010,6.226e+010
1.966,6.0159e+010,6.0164e+010
1.967,5.815e+010,5.8154e+010
1.968,5.6191e+010,5.6195e+010
1.969,5.4313e+010,5.4317e+010
1.97,5.2482e+010,5.2486e+010
1.971,5.0728e+010,5.0732e+010
1.972,4.9018e+010,4.9021e+010
1.973,4.7379e+010,4.7382e+010
1.974,4.578e+010,4.5784e+010
1.975,4.4249e+010,4.4252e+010
1.976,4.2756e+010,4.2759e+010
1.977,4.1325e+010,4.1328e+010
1.978,3.993e+010,3.9933e+010
1.979,3.8594e+010,3.8596e+010
1.98,3.729e+010,3.7293e+010
1.981,3.6042e+010,3.6044e+010
1.982,3.4824e+010,3.4826e+010
1.983,3.3658e+010,3.366e+010
1.984,3.2519e+010,3.2522e+010
1.985,3.1422e+010,3.1424e+010
1.986,3.0367e+010,3.0369e+010
1.987,2.9342e+010,2.9344e+010
1.988,2.8356e+010,2.8358e+010
1.989,2.7399e+010,2.74e+010
1.99,2.6478e+010,2.648e+010
1.991,2.5583e+010,2.5585e+010
1.992,2.4724e+010,2.4725e+010
1.993,2.3888e+010,2.3889e+010
1.994,2.3085e+010,2.3087e+010
1.995,2.2304e+010,2.2306e+010
1.996,2.1554e+010,2.1556e+010
1.997,2.0825e+010,2.0826e+010
1.998,2.0125e+010,2.0126e+010
1.999,1.9443e+010,1.9445e+010
2,1.8789e+010,1.8791e+010
