2.2675737e-04 2.0000000e+00 2.0002304e+00
4.5351474e-04 1.9999993e+00 2.0010335e+00
6.8027211e-04 1.9999994e+00 2.0024222e+00
9.0702948e-04 2.0000102e+00 2.0044060e+00
1.1337868e-03 2.0000328e+00 2.0069932e+00
1.3605442e-03 2.0000212e+00 2.0101912e+00
1.5873016e-03 1.9999131e+00 2.0140067e+00
1.8140590e-03 1.9997687e+00 2.0184451e+00
2.0408163e-03 1.9998366e+00 2.0235111e+00
2.2675737e-03 2.0003016e+00 2.0292084e+00
2.4943311e-03 2.0008515e+00 2.0355396e+00
2.7210884e-03 2.0006830e+00 2.0425063e+00
2.9478458e-03 1.9993487e+00 2.0501092e+00
3.1746032e-03 1.9977717e+00 2.0583481e+00
3.4013605e-03 1.9979666e+00 2.0672217e+00
3.6281179e-03 2.0009568e+00 2.0767275e+00
3.8548753e-03 2.0046906e+00 2.0868625e+00
4.0816327e-03 2.0048662e+00 2.0976223e+00
4.3083900e-03 1.9992305e+00 2.1090017e+00
4.5351474e-03 1.9915593e+00 2.1209944e+00
4.7619048e-03 1.9900234e+00 2.1335935e+00
4.9886621e-03 1.9993092e+00 2.1467907e+00
5.2154195e-03 2.0134170e+00 2.1605770e+00
5.4421769e-03 2.0181958e+00 2.1749425e+00
5.6689342e-03 2.0045477e+00 2.1898764e+00
5.8956916e-03 1.9808401e+00 2.2053669e+00
6.1224490e-03 1.9697643e+00 2.2214013e+00
6.3492063e-03 1.9877818e+00 2.2379663e+00
6.5759637e-03 2.0247090e+00 2.2550476e+00
6.8027211e-03 2.0465040e+00 2.2726300e+00
7.0294785e-03 2.0252927e+00 2.2906977e+00
7.2562358e-03 1.9714484e+00 2.3092341e+00
7.4829932e-03 1.9330869e+00 2.3282219e+00
7.7097506e-03 1.9546477e+00 2.3476429e+00
7.9365079e-03 2.0286448e+00 2.3674784e+00
8.1632653e-03 2.0907107e+00 2.3877090e+00
8.3900227e-03 2.0737376e+00 2.4083148e+00
8.6167800e-03 1.9774803e+00 2.4292751e+00
8.8435374e-03 1.8836390e+00 2.4505689e+00
9.0702948e-03 1.8887098e+00 2.4721743e+00
9.2970522e-03 2.0074699e+00 2.4940694e+00
9.5238095e-03 2.1415011e+00 2.5162314e+00
9.7505669e-03 2.1581013e+00 2.5386373e+00
9.9773243e-03 2.0191862e+00 2.5612637e+00
1.0204082e-02 1.8370065e+00 2.5840869e+00
1.0430839e-02 1.7867032e+00 2.6070827e+00
1.0657596e-02 1.9402093e+00 2.6302268e+00
1.0884354e-02 2.1770816e+00 2.6534945e+00
1.1111111e-02 2.2748940e+00 2.6768611e+00
1.1337868e-02 2.1160089e+00 2.7003015e+00
1.1564626e-02 1.8203548e+00 2.7237907e+00
1.1791383e-02 1.6602435e+00 2.7473033e+00
1.2018141e-02 1.8114937e+00 2.7708142e+00
1.2244898e-02 2.1665429e+00 2.7942980e+00
1.2471655e-02 2.4036667e+00 2.8177295e+00
1.2698413e-02 2.2766789e+00 2.8410833e+00
1.2925170e-02 1.8659891e+00 2.8643344e+00
1.3151927e-02 1.5384773e+00 2.8874576e+00
1.3378685e-02 1.6215282e+00 2.9104282e+00
1.3605442e-02 2.0790849e+00 2.9332215e+00
1.3832200e-02 2.5076529e+00 2.9558129e+00
1.4058957e-02 2.4903175e+00 2.9781784e+00
1.4285714e-02 2.0000000e+00 3.0002939e+00
1.4512472e-02 1.4637703e+00 3.0221360e+00
1.4739229e-02 1.3927874e+00 3.0436813e+00
1.4965986e-02 1.8965283e+00 3.0649071e+00
1.5192744e-02 2.5417482e+00 3.0857910e+00
1.5419501e-02 2.7229386e+00 3.1063109e+00
1.5646259e-02 2.2297892e+00 3.1264455e+00
1.5873016e-02 1.4804695e+00 3.1461737e+00
1.6099773e-02 1.1695811e+00 3.1654751e+00
1.6326531e-02 1.6244545e+00 3.1843298e+00
1.6553288e-02 2.4662061e+00 3.2027185e+00
1.6780045e-02 2.9221877e+00 3.2206224e+00
1.7006803e-02 2.5355287e+00 3.2380236e+00
1.7233560e-02 1.6198779e+00 3.2549047e+00
1.7460317e-02 1.0090648e+00 3.2712487e+00
1.7687075e-02 1.2970566e+00 3.2870398e+00
1.7913832e-02 2.2616398e+00 3.3022625e+00
1.8140590e-02 3.0300838e+00 3.3169022e+00
1.8367347e-02 2.8697854e+00 3.3309450e+00
1.8594104e-02 1.8867175e+00 3.3443778e+00
1.8820862e-02 9.6565663e-01 3.3571882e+00
1.9047619e-02 9.7265695e-01 3.3693646e+00
1.9274376e-02 1.9397134e+00 3.3808962e+00
1.9501134e-02 3.0001949e+00 3.3917730e+00
1.9727891e-02 3.1667858e+00 3.4019858e+00
1.9954649e-02 2.2524626e+00 3.4115262e+00
2.0181406e-02 1.0737431e+00 3.4203867e+00
2.0408163e-02 7.2020658e-01 3.4285604e+00
2.0634921e-02 1.5449372e+00 3.4360414e+00
2.0861678e-02 2.8134968e+00 3.4428246e+00
2.1088435e-02 3.3591713e+00 3.4489058e+00
2.1315193e-02 2.6588302e+00 3.4542814e+00
2.1541950e-02 1.3347345e+00 3.4589489e+00
2.1768707e-02 6.0060169e-01 3.4629064e+00
2.1995465e-02 1.1459627e+00 3.4661529e+00
2.2222222e-02 2.4871469e+00 3.4686882e+00
2.2448980e-02 3.3970603e+00 3.4705129e+00
2.2675737e-02 3.0311412e+00 3.4716283e+00
2.2902494e-02 1.7133675e+00 3.4720367e+00
2.3129252e-02 6.4887036e-01 3.4717410e+00
2.3356009e-02 8.1856556e-01 3.4707448e+00
2.3582766e-02 2.0726461e+00 3.4690527e+00
2.3809524e-02 3.2630670e+00 3.4666698e+00
2.4036281e-02 3.2976399e+00 3.4636020e+00
2.4263039e-02 2.1450427e+00 3.4598559e+00
2.4489796e-02 8.6326321e-01 3.4554388e+00
2.4716553e-02 6.2560211e-01 3.4503587e+00
2.4943311e-02 1.6435328e+00 3.4446242e+00
2.5170068e-02 2.9783667e+00 3.4384092e+00
2.5396825e-02 3.4103643e+00 3.4321215e+00
2.5623583e-02 2.5538232e+00 3.4257817e+00
2.5850340e-02 1.2004281e+00 3.4193919e+00
2.6077098e-02 5.8748487e-01 3.4129543e+00
2.6303855e-02 1.2666165e+00 3.4064710e+00
2.6530612e-02 2.6074129e+00 3.3999440e+00
2.6757370e-02 3.3825619e+00 3.3933756e+00
2.6984127e-02 2.8913971e+00 3.3867677e+00
2.7210884e-02 1.5932017e+00 3.3801226e+00
2.7437642e-02 6.7789119e-01 3.3734422e+00
2.7664399e-02 9.7525245e-01 3.3667288e+00
2.7891156e-02 2.2026951e+00 3.3599843e+00
2.8117914e-02 3.2334596e+00 3.3532108e+00
2.8344671e-02 3.1310196e+00 3.3464104e+00
2.8571429e-02 2.0000000e+00 3.3395851e+00
2.8798186e-02 8.8046641e-01 3.3327370e+00
2.9024943e-02 7.9146358e-01 3.3258680e+00
2.9251701e-02 1.8034162e+00 3.3189802e+00
2.9478458e-02 2.9837696e+00 3.3120756e+00
2.9705215e-02 3.2563749e+00 3.3051561e+00
2.9931973e-02 2.3826582e+00 3.2982238e+00
3.0158730e-02 1.1699809e+00 3.2912805e+00
3.0385488e-02 7.2563912e-01 3.2843283e+00
3.0612245e-02 1.4457704e+00 3.2773690e+00
3.0839002e-02 2.6624336e+00 3.2704045e+00
3.1065760e-02 3.2630441e+00 3.2634368e+00
3.1292517e-02 2.7077934e+00 3.2564677e+00
3.1519274e-02 1.5146511e+00 3.2494990e+00
3.1746032e-02 7.7634425e-01 3.2425326e+00
3.1972789e-02 1.1595987e+00 3.2355703e+00
3.2199546e-02 2.3031696e+00 3.2286139e+00
3.2426304e-02 3.1580499e+00 3.2216652e+00
3.2653061e-02 2.9497110e+00 3.2147259e+00
3.2879819e-02 1.8797422e+00 3.2077978e+00
3.3106576e-02 9.3136852e-01 3.2008825e+00
3.3333333e-02 9.6598145e-01 3.1939818e+00
3.3560091e-02 1.9408281e+00 3.1870973e+00
3.3786848e-02 2.9582741e+00 3.1802306e+00
3.4013605e-02 3.0922719e+00 3.1733835e+00
3.4240363e-02 2.2311488e+00 3.1665574e+00
3.4467120e-02 1.1697706e+00 3.1597539e+00
3.4693878e-02 8.7593279e-01 3.1529747e+00
3.4920635e-02 1.6079693e+00 3.1462211e+00
3.5147392e-02 2.6880320e+00 3.1394948e+00
3.5374150e-02 3.1296296e+00 3.1327971e+00
3.5600907e-02 2.5385760e+00 3.1261296e+00
3.5827664e-02 1.4645978e+00 3.1194936e+00
3.6054422e-02 8.9022143e-01 3.1128904e+00
3.6281179e-02 1.3319981e+00 3.1063216e+00
3.6507937e-02 2.3761498e+00 3.0997883e+00
3.6734694e-02 3.0658809e+00 3.0932920e+00
3.6961451e-02 2.7780283e+00 3.0868338e+00
3.7188209e-02 1.7859199e+00 3.0804151e+00
3.7414966e-02 1.0002072e+00 3.0740370e+00
3.7641723e-02 1.1330932e+00 3.0677007e+00
3.7868481e-02 2.0529068e+00 3.0614073e+00
3.8095238e-02 2.9137937e+00 3.0551581e+00
3.8321995e-02 2.9334347e+00 3.0489541e+00
3.8548753e-02 2.1038290e+00 3.0427963e+00
3.8775510e-02 1.1894864e+00 3.0366858e+00
3.9002268e-02 1.0230437e+00 3.0306236e+00
3.9229025e-02 1.7471697e+00 3.0246107e+00
3.9455782e-02 2.6928565e+00 3.0186479e+00
3.9682540e-02 2.9973505e+00 3.0127362e+00
3.9909297e-02 2.3911059e+00 3.0068765e+00
4.0136054e-02 1.4360774e+00 3.0010696e+00
4.0362812e-02 1.0049930e+00 2.9953163e+00
4.0589569e-02 1.4839786e+00 2.9896174e+00
4.0816327e-02 2.4269302e+00 2.9839737e+00
4.1043084e-02 2.9707927e+00 2.9783857e+00
4.1269841e-02 2.6253387e+00 2.9728543e+00
4.1496599e-02 1.7148597e+00 2.9673800e+00
4.1723356e-02 1.0739907e+00 2.9619634e+00
4.1950113e-02 1.2827554e+00 2.9566052e+00
4.2176871e-02 2.1417848e+00 2.9513059e+00
4.2403628e-02 2.8623446e+00 2.9460659e+00
4.2630385e-02 2.7903684e+00 2.9408858e+00
4.2857143e-02 2.0000000e+00 2.9357659e+00
4.3083900e-02 1.2181822e+00 2.9307067e+00
4.3310658e-02 1.1562112e+00 2.9257086e+00
4.3537415e-02 1.8627661e+00 2.9207718e+00
4.3764172e-02 2.6867222e+00 2.9158968e+00
4.3990930e-02 2.8770312e+00 2.9110836e+00
4.4217687e-02 2.2671462e+00 2.9063327e+00
4.4444444e-02 1.4204343e+00 2.9016441e+00
4.4671202e-02 1.1099435e+00 2.8970181e+00
4.4897959e-02 1.6127784e+00 2.8924547e+00
4.5124717e-02 2.4630105e+00 2.8879541e+00
4.5351474e-02 2.8832417e+00 2.8835163e+00
4.5578231e-02 2.4952380e+00 2.8791414e+00
4.5804989e-02 1.6601859e+00 2.8748293e+00
4.6031746e-02 1.1426460e+00 2.8705800e+00
4.6258503e-02 1.4107028e+00 2.8663935e+00
4.6485261e-02 2.2127714e+00 2.8622695e+00
4.6712018e-02 2.8135188e+00 2.8582080e+00
4.6938776e-02 2.6678473e+00 2.8542088e+00
4.7165533e-02 1.9153403e+00 2.8502717e+00
4.7392290e-02 1.2468157e+00 2.8463964e+00
4.7619048e-02 1.2703020e+00 2.8425827e+00
4.7845805e-02 1.9581878e+00 2.8388303e+00
4.8072562e-02 2.6780809e+00 2.8351387e+00
4.8299320e-02 2.7740287e+00 2.8315077e+00
4.8526077e-02 2.1640525e+00 2.8279369e+00
4.8752834e-02 1.4098210e+00 2.8244257e+00
4.8979592e-02 1.1996098e+00 2.8209738e+00
4.9206349e-02 1.7203710e+00 2.8175805e+00
4.9433107e-02 2.4916450e+00 2.8142455e+00
4.9659864e-02 2.8087005e+00 2.8109681e+00
4.9886621e-02 2.3863086e+00 2.8077477e+00
5.0113379e-02 1.6152046e+00 2.8045838e+00
5.0340136e-02 1.2007656e+00 2.8014755e+00
5.0566893e-02 1.5179091e+00 2.7984224e+00
5.0793651e-02 2.2720509e+00 2.7954235e+00
5.1020408e-02 2.7726092e+00 2.7924783e+00
5.1247166e-02 2.5652384e+00 2.7895859e+00
5.1473923e-02 1.8441094e+00 2.7867455e+00
5.1700680e-02 1.2702356e+00 2.7839563e+00
5.1927438e-02 1.3656998e+00 2.7812175e+00
5.2154195e-02 2.0388064e+00 2.7785281e+00
5.2380952e-02 2.6719380e+00 2.7758872e+00
5.2607710e-02 2.6881324e+00 2.7732938e+00
5.2834467e-02 2.0767416e+00 2.7707471e+00
5.3061224e-02 1.3993611e+00 2.7682460e+00
5.3287982e-02 1.2740871e+00 2.7657896e+00
5.3514739e-02 1.8116312e+00 2.7633766e+00
5.3741497e-02 2.5176156e+00 2.7610061e+00
5.3968254e-02 2.7471510e+00 2.7586770e+00
5.4195011e-02 2.2938075e+00 2.7563882e+00
5.4421769e-02 1.5751787e+00 2.7541385e+00
5.4648526e-02 1.2483070e+00 2.7519267e+00
5.4875283e-02 1.6090531e+00 2.7497517e+00
5.5102041e-02 2.3243768e+00 2.7476122e+00
5.5328798e-02 2.7397213e+00 2.7455070e+00
5.5555556e-02 2.4778707e+00 2.7434349e+00
5.5782313e-02 1.7814701e+00 2.7413945e+00
5.6009070e-02 1.2882505e+00 2.7393846e+00
5.6235828e-02 1.4471085e+00 2.7374039e+00
5.6462585e-02 2.1096133e+00 2.7354509e+00
5.6689342e-02 2.6686118e+00 2.7335244e+00
5.6916100e-02 2.6145823e+00 2.7316230e+00
5.7142857e-02 2.0000000e+00 2.7297453e+00
5.7369615e-02 1.3885537e+00 2.7278898e+00
5.7596372e-02 1.3381965e+00 2.7260552e+00
5.7823129e-02 1.8920576e+00 2.7242399e+00
5.8049887e-02 2.5416739e+00 2.7224426e+00
5.8276644e-02 2.6937265e+00 2.7206618e+00
5.8503401e-02 2.2118983e+00 2.7188959e+00
5.8730159e-02 1.5390291e+00 2.7171434e+00
5.8956916e-02 1.2901492e+00 2.7154029e+00
5.9183673e-02 1.6903490e+00 2.7136728e+00
5.9410431e-02 2.3712366e+00 2.7119515e+00
5.9637188e-02 2.7100167e+00 2.7102375e+00
5.9863946e-02 2.3991287e+00 2.7085292e+00
6.0090703e-02 1.7254445e+00 2.7068251e+00
6.0317460e-02 1.3055889e+00 2.7051235e+00
6.0544218e-02 1.5215510e+00 2.7034228e+00
6.0770975e-02 2.1731550e+00 2.7017215e+00
6.0997732e-02 2.6635661e+00 2.7000179e+00
6.1224490e-02 2.5459610e+00 2.6983103e+00
6.1451247e-02 1.9306413e+00 2.6965972e+00
6.1678005e-02 1.3816486e+00 2.6948769e+00
6.1904762e-02 1.3997164e+00 2.6931477e+00
6.2131519e-02 1.9655362e+00 2.6914081e+00
6.2358277e-02 2.5599581e+00 2.6896562e+00
6.2585034e-02 2.6403392e+00 2.6878905e+00
6.2811791e-02 2.1359499e+00 2.6861093e+00
6.3038549e-02 1.5101245e+00 2.6843110e+00
6.3265306e-02 1.3346178e+00 2.6824937e+00
6.3492063e-02 1.7672020e+00 2.6806560e+00
6.3718821e-02 2.4098600e+00 2.6787960e+00
6.3945578e-02 2.6750193e+00 2.6769121e+00
6.4172336e-02 2.3228227e+00 2.6750026e+00
6.4399093e-02 1.6781036e+00 2.6730659e+00
6.4625850e-02 1.3307763e+00 2.6711002e+00
6.4852608e-02 1.5959921e+00 2.6691039e+00
6.5079365e-02 2.2281532e+00 2.6670753e+00
6.5306122e-02 2.6483395e+00 2.6650127e+00
6.5532880e-02 2.4745585e+00 2.6629145e+00
6.5759637e-02 1.8690692e+00 2.6607789e+00
6.5986395e-02 1.3869224e+00 2.6586044e+00
6.6213152e-02 1.4670526e+00 2.6563892e+00
6.6439909e-02 2.0326058e+00 2.6541318e+00
6.6666667e-02 2.5645016e+00 2.6518303e+00
6.6893424e-02 2.5779569e+00 2.6494833e+00
6.7120181e-02 2.0644293e+00 2.6470891e+00
6.7346939e-02 1.4959954e+00 2.6446460e+00
6.7573696e-02 1.3912861e+00 2.6421525e+00
6.7800454e-02 1.8421723e+00 2.6396069e+00
6.8027211e-02 2.4332752e+00 2.6370076e+00
6.8253968e-02 2.6247158e+00 2.6343530e+00
6.8480726e-02 2.2453516e+00 2.6316417e+00
6.8707483e-02 1.6457439e+00 2.6288719e+00
6.8934240e-02 1.3741525e+00 2.6260421e+00
6.9160998e-02 1.6750672e+00 2.6231509e+00
6.9387755e-02 2.2690932e+00 2.6201966e+00
6.9614512e-02 2.6123879e+00 2.6171777e+00
6.9841270e-02 2.3947313e+00 2.6140928e+00
7.0068027e-02 1.8199222e+00 2.6109404e+00
7.0294785e-02 1.4149950e+00 2.6077190e+00
7.0521542e-02 1.5468120e+00 2.6044271e+00
7.0748299e-02 2.0895838e+00 2.6010632e+00
7.0975057e-02 2.5447397e+00 2.5976261e+00
7.1201814e-02 2.4990713e+00 2.5941142e+00
7.1428571e-02 2.0000000e+00 2.5905262e+00
7.1655329e-02 1.5070218e+00 2.5868607e+00
7.1882086e-02 1.4684861e+00 2.5831163e+00
7.2108844e-02 1.9136610e+00 2.5792918e+00
7.2335601e-02 2.4314134e+00 2.5753857e+00
7.2562358e-02 2.5500405e+00 2.5713969e+00
7.2789116e-02 2.1672217e+00 2.5673240e+00
7.3015873e-02 1.6380040e+00 2.5631658e+00
7.3242630e-02 1.4454165e+00 2.5589211e+00
7.3469388e-02 1.7593730e+00 2.5545887e+00
7.3696145e-02 2.2868766e+00 2.5501673e+00
7.3922902e-02 2.5454863e+00 2.5456559e+00
7.4149660e-02 2.3047861e+00 2.5410532e+00
7.4376417e-02 1.7916598e+00 2.5363582e+00
7.4603175e-02 1.4765060e+00 2.5315698e+00
7.4829932e-02 1.6417620e+00 2.5266869e+00
7.5056689e-02 2.1287354e+00 2.5217084e+00
7.5283447e-02 2.4897310e+00 2.5166335e+00
7.5510204e-02 2.3998763e+00 2.5114610e+00
7.5736961e-02 1.9495997e+00 2.5061901e+00
7.5963719e-02 1.5543347e+00 2.5008197e+00
7.6190476e-02 1.5710151e+00 2.4953490e+00
7.6417234e-02 1.9755866e+00 2.4897772e+00
7.6643991e-02 2.3930618e+00 2.4841033e+00
7.6870748e-02 2.4452616e+00 2.4783265e+00
7.7097506e-02 2.0936134e+00 2.4724461e+00
7.7324263e-02 1.6660759e+00 2.4664612e+00
7.7551020e-02 1.5511713e+00 2.4603712e+00
7.7777778e-02 1.8446629e+00 2.4541753e+00
7.8004535e-02 2.2704276e+00 2.4478729e+00
7.8231293e-02 2.4402289e+00 2.4414633e+00
7.8458050e-02 2.2080146e+00 2.4349459e+00
7.8684807e-02 1.7951542e+00 2.4283201e+00
7.8911565e-02 1.5795934e+00 2.4215854e+00
7.9138322e-02 1.7495774e+00 2.4147412e+00
7.9365079e-02 2.1394714e+00 2.4077871e+00
7.9591837e-02 2.3906757e+00 2.4007226e+00
7.9818594e-02 2.2817275e+00 2.3935473e+00
8.0045351e-02 1.9234639e+00 2.3862607e+00
8.0272109e-02 1.6473267e+00 2.3788626e+00
8.0498866e-02 1.6984847e+00 2.3713526e+00
8.0725624e-02 2.0181305e+00 2.3637303e+00
8.0952381e-02 2.3083012e+00 2.3559956e+00
8.1179138e-02 2.3098073e+00 2.3481482e+00
8.1405896e-02 2.0338718e+00 2.3401879e+00
8.1632653e-02 1.7403424e+00 2.3321146e+00
8.1859410e-02 1.6929397e+00 2.3239281e+00
8.2086168e-02 1.9221164e+00 2.3156283e+00
8.2312925e-02 2.2089594e+00 2.3072152e+00
8.2539683e-02 2.2941509e+00 2.2986887e+00
8.2766440e-02 2.1126651e+00 2.2900489e+00
8.2993197e-02 1.8415405e+00 2.2812958e+00
8.3219955e-02 1.7276553e+00 2.2724294e+00
8.3446712e-02 1.8626279e+00 2.2634500e+00
8.3673469e-02 2.1103616e+00 2.2543575e+00
8.3900227e-02 2.2432498e+00 2.2451523e+00
8.4126984e-02 2.1515915e+00 2.2358346e+00
8.4353741e-02 1.9332661e+00 2.2264045e+00
8.4580499e-02 1.7912430e+00 2.2168624e+00
8.4807256e-02 1.8446389e+00 2.2072086e+00
8.5034014e-02 2.0294274e+00 2.1974434e+00
8.5260771e-02 2.1709687e+00 2.1875673e+00
8.5487528e-02 2.1491723e+00 2.1775806e+00
8.5714286e-02 2.0000000e+00 2.1674839e+00
8.5941043e-02 1.8678828e+00 2.1572776e+00
8.6167800e-02 1.8660431e+00 2.1469622e+00
8.6394558e-02 1.9796500e+00 2.1365384e+00
8.6621315e-02 2.0944774e+00 2.1260067e+00
8.6848073e-02 2.1110557e+00 2.1153677e+00
8.7074830e-02 2.0308379e+00 2.1046221e+00
8.7301587e-02 1.9397253e+00 2.0937707e+00
8.7528345e-02 1.9178285e+00 2.0828142e+00
8.7755102e-02 1.9688674e+00 2.0717532e+00
8.7981859e-02 2.0315931e+00 2.0605888e+00
8.8208617e-02 2.0493062e+00 2.0493215e+00
8.8435374e-02 2.0213794e+00 2.0379525e+00
8.8662132e-02 1.9897133e+00 2.0264825e+00
8.8888889e-02 1.9853140e+00 2.0149125e+00
8.9115646e-02 1.9977939e+00 2.0032435e+00
8.9342404e-02 1.9978968e+00 2.0085235e+00
8.9569161e-02 1.9806741e+00 2.0203875e+00
8.9795918e-02 1.9747098e+00 2.0323474e+00
9.0022676e-02 2.0044210e+00 2.0444022e+00
9.0249433e-02 2.0503227e+00 2.0565505e+00
9.0476190e-02 2.0595751e+00 2.0687914e+00
9.0702948e-02 2.0040437e+00 2.0811235e+00
9.0929705e-02 1.9240467e+00 2.0935457e+00
9.1156463e-02 1.9012746e+00 2.1060567e+00
9.1383220e-02 1.9764889e+00 2.1186552e+00
9.1609977e-02 2.0940218e+00 2.1313398e+00
9.1836735e-02 2.1404962e+00 2.1441093e+00
9.2063492e-02 2.0536842e+00 2.1569621e+00
9.2290249e-02 1.8974154e+00 2.1698970e+00
9.2517007e-02 1.8175990e+00 2.1829124e+00
9.2743764e-02 1.9062589e+00 2.1960069e+00
9.2970522e-02 2.1000407e+00 2.2091790e+00
9.3197279e-02 2.2218051e+00 2.2224271e+00
9.3424036e-02 2.1423467e+00 2.2357497e+00
9.3650794e-02 1.9147874e+00 2.2491451e+00
9.3877551e-02 1.7439724e+00 2.2626118e+00
9.4104308e-02 1.8023147e+00 2.2761481e+00
9.4331066e-02 2.0574133e+00 2.2897524e+00
9.4557823e-02 2.2824484e+00 2.3034229e+00
9.4784580e-02 2.2575126e+00 2.3171579e+00
9.5011338e-02 1.9835032e+00 2.3309557e+00
9.5238095e-02 1.7013819e+00 2.3448145e+00
9.5464853e-02 1.6807741e+00 2.3587324e+00
9.5691610e-02 1.9628903e+00 2.3727077e+00
9.5918367e-02 2.3023643e+00 2.3867385e+00
9.6145125e-02 2.3799510e+00 2.4008229e+00
9.6371882e-02 2.1023942e+00 2.4149591e+00
9.6598639e-02 1.7081072e+00 2.4291451e+00
9.6825397e-02 1.5633570e+00 2.4433789e+00
9.7052154e-02 1.8222295e+00 2.4576586e+00
9.7278912e-02 2.2658771e+00 2.4719823e+00
9.7505669e-02 2.4861967e+00 2.4863478e+00
9.7732426e-02 2.2611104e+00 2.5007533e+00
9.7959184e-02 1.7764646e+00 2.5151965e+00
9.8185941e-02 1.4744351e+00 2.5296756e+00
9.8412698e-02 1.6502025e+00 2.5441883e+00
9.8639456e-02 2.1646893e+00 2.5587325e+00
9.8866213e-02 2.5518785e+00 2.5733062e+00
9.9092971e-02 2.4408018e+00 2.5879072e+00
9.9319728e-02 1.9101971e+00 2.6025334e+00
9.9546485e-02 1.4374345e+00 2.6171825e+00
9.9773243e-02 1.4692276e+00 2.6318524e+00
1.0000000e-01 2.0000000e+00 2.6465408e+00
1.0022676e-01 2.5554635e+00 2.6612457e+00
1.0045351e-01 2.6161457e+00 2.6759646e+00
1.0068027e-01 2.1029428e+00 2.6906954e+00
1.0090703e-01 1.4710775e+00 2.7054358e+00
1.0113379e-01 1.3067339e+00 2.7201835e+00
1.0136054e-01 1.7833737e+00 2.7349362e+00
1.0158730e-01 2.4818925e+00 2.7496917e+00
1.0181406e-01 2.7585149e+00 2.7644476e+00
1.0204082e-01 2.3380829e+00 2.7792016e+00
1.0226757e-01 1.5860058e+00 2.7939514e+00
1.0249433e-01 1.1915568e+00 2.8086946e+00
1.0272109e-01 1.5361460e+00 2.8234289e+00
1.0294785e-01 2.3255674e+00 2.8381519e+00
1.0317460e-01 2.8399043e+00 2.8528612e+00
1.0340136e-01 2.5900870e+00 2.8675545e+00
1.0362812e-01 1.7823034e+00 2.8822295e+00
1.0385488e-01 1.1498195e+00 2.8968836e+00
1.0408163e-01 1.2873492e+00 2.9115146e+00
1.0430839e-01 2.0922118e+00 2.9261200e+00
1.0453515e-01 2.8371001e+00 2.9406974e+00
1.0476190e-01 2.8272659e+00 2.9552444e+00
1.0498866e-01 2.0483385e+00 2.9697586e+00
1.0521542e-01 1.2008600e+00 2.9842377e+00
1.0544218e-01 1.0703559e+00 2.9986791e+00
1.0566893e-01 1.7992620e+00 3.0130805e+00
1.0589569e-01 2.7355098e+00 3.0274394e+00
1.0612245e-01 3.0156346e+00 3.0417535e+00
1.0634921e-01 2.3611802e+00 3.0560204e+00
1.0657596e-01 1.3537859e+00 3.0702375e+00
1.0680272e-01 9.1862964e-01 3.0844026e+00
1.0702948e-01 1.4746317e+00 3.0985131e+00
1.0725624e-01 2.5320895e+00 3.1125668e+00
1.0748299e-01 3.1234110e+00 3.1265611e+00
1.0770975e-01 2.6886351e+00 3.1404937e+00
1.0793651e-01 1.6051849e+00 3.1543622e+00
1.0816327e-01 8.6112405e-01 3.1681643e+00
1.0839002e-01 1.1539188e+00 3.1818974e+00
1.0861678e-01 2.2368955e+00 3.1955593e+00
1.0884354e-01 3.1255637e+00 3.2091476e+00
1.0907029e-01 2.9927240e+00 3.2226598e+00
1.0929705e-01 1.9383858e+00 3.2360937e+00
1.0952381e-01 9.1794718e-01 3.2494470e+00
1.0975057e-01 8.7634359e-01 3.2627172e+00
1.0997732e-01 1.8729612e+00 3.2759020e+00
1.1020408e-01 3.0077801e+00 3.2889992e+00
1.1043084e-01 3.2342074e+00 3.3020063e+00
1.1065760e-01 2.3244665e+00 3.3149212e+00
1.1088435e-01 1.0969064e+00 3.3277416e+00
1.1111111e-01 6.7989960e-01 3.3404651e+00
1.1133787e-01 1.4744130e+00 3.3530895e+00
1.1156463e-01 2.7692770e+00 3.3656126e+00
1.1179138e-01 3.3776038e+00 3.3780321e+00
1.1201814e-01 2.7249753e+00 3.3903458e+00
1.1224490e-01 1.3914557e+00 3.4025516e+00
1.1247166e-01 5.9633162e-01 3.4146472e+00
1.1269841e-01 1.0829796e+00 3.4266304e+00
1.1292517e-01 2.4240051e+00 3.4384992e+00
1.1315193e-01 3.3960471e+00 3.4502513e+00
1.1337868e-01 3.0960937e+00 3.4618848e+00
1.1360544e-01 1.7804015e+00 3.4733974e+00
1.1383220e-01 6.4660793e-01 3.4847870e+00
1.1405896e-01 7.4327775e-01 3.4960517e+00
1.1428571e-01 2.0000000e+00 3.5071894e+00
1.1451247e-01 3.2753258e+00 3.5181981e+00
1.1473923e-01 3.3937615e+00 3.5290758e+00
1.1496599e-01 2.2294983e+00 3.5398204e+00
1.1519274e-01 8.3751665e-01 3.5504301e+00
1.1541950e-01 4.9743703e-01 3.5609029e+00
1.1564626e-01 1.5368698e+00 3.5712369e+00
1.1587302e-01 3.0165237e+00 3.5814302e+00
1.1609977e-01 3.5791298e+00 3.5914809e+00
1.1632653e-01 2.6948159e+00 3.6013873e+00
1.1655329e-01 1.1598910e+00 3.6111474e+00
1.1678005e-01 3.7974417e-01 3.6207596e+00
1.1700680e-01 1.0816633e+00 3.6302220e+00
1.1723356e-01 2.6368516e+00 3.6395329e+00
1.1746032e-01 3.6236432e+00 3.6486906e+00
1.1768707e-01 3.1275178e+00 3.6576933e+00
1.1791383e-01 1.5887690e+00 3.6665395e+00
1.1814059e-01 4.1200597e-01 3.6752276e+00
1.1836735e-01 6.8358670e-01 3.6837558e+00
1.1859410e-01 2.1684810e+00 3.6921227e+00
1.1882086e-01 3.5130727e+00 3.7003266e+00
1.1904762e-01 3.4794885e+00 3.7083661e+00
1.1927438e-01 2.0855475e+00 3.7162397e+00
1.1950113e-01 6.0026282e-01 3.7239459e+00
1.1972789e-01 3.8820770e-01 3.7314833e+00
1.1995465e-01 1.6554535e+00 3.7388504e+00
1.2018141e-01 3.2499364e+00 3.7460460e+00
1.2040816e-01 3.7091155e+00 3.7530686e+00
1.2063492e-01 2.6019271e+00 3.7599170e+00
1.2086168e-01 9.3332520e-01 3.7665899e+00
1.2108844e-01 2.3187181e-01 3.7730861e+00
1.2131519e-01 1.1489928e+00 3.7794043e+00
1.2154195e-01 2.8539432e+00 3.7855433e+00
1.2176871e-01 3.7864927e+00 3.7915021e+00
1.2199546e-01 3.0852052e+00 3.7972794e+00
1.2222222e-01 1.3833807e+00 3.8028743e+00
1.2244898e-01 2.3705190e-01 3.8082856e+00
1.2267574e-01 7.0176662e-01 3.8135124e+00
1.2290249e-01 2.3603394e+00 3.8185536e+00
1.2312925e-01 3.6973630e+00 3.8234084e+00
1.2335601e-01 3.4842842e+00 3.8280757e+00
1.2358277e-01 1.9086547e+00 3.8325548e+00
1.2380952e-01 4.0924576e-01 3.8368448e+00
1.2403628e-01 3.6179509e-01 3.8409448e+00
1.2426304e-01 1.8163118e+00 3.8448542e+00
1.2448980e-01 3.4452719e+00 3.8485721e+00
1.2471655e-01 3.7556542e+00 3.8520979e+00
1.2494331e-01 2.4578413e+00 3.8554308e+00
1.2517007e-01 7.3585113e-01 3.8585703e+00
1.2539683e-01 1.6676482e-01 3.8615158e+00
1.2562358e-01 1.2758540e+00 3.8642666e+00
1.2585034e-01 3.0516185e+00 3.8668224e+00
1.2607710e-01 3.8686015e+00 3.8691825e+00
1.2630385e-01 2.9757859e+00 3.8713465e+00
1.2653061e-01 1.1871995e+00 3.8733140e+00
1.2675737e-01 1.3946746e-01 3.8750847e+00
1.2698413e-01 7.9370742e-01 3.8766581e+00
1.2721088e-01 2.5535602e+00 3.8780340e+00
1.2743764e-01 3.8089751e+00 3.8792121e+00
1.2766440e-01 3.4097327e+00 3.8801921e+00
1.2789116e-01 1.7196554e+00 3.8809739e+00
1.2811791e-01 2.8494951e-01 3.8815573e+00
1.2834467e-01 4.1911982e-01 3.8819421e+00
1.2857143e-01 2.0000000e+00 3.8821283e+00
1.2879819e-01 3.5810261e+00 3.8821159e+00
1.2902494e-01 3.7153671e+00 3.8819047e+00
1.2925170e-01 2.2804223e+00 3.8814948e+00
1.2947846e-01 5.8974679e-01 3.8808863e+00
1.2970522e-01 1.9019011e-01 3.8800793e+00
1.2993197e-01 1.4461333e+00 3.8790738e+00
1.3015873e-01 3.2070716e+00 3.8778701e+00
1.3038549e-01 3.8619054e+00 3.8764683e+00
1.3061224e-01 2.8134750e+00 3.8748687e+00
1.3083900e-01 1.0233146e+00 3.8730715e+00
1.3106576e-01 1.2950444e-01 3.8710771e+00
1.3129252e-01 9.4721914e-01 3.8688858e+00
1.3151927e-01 2.7250128e+00 3.8664980e+00
1.3174603e-01 3.8355970e+00 3.8639140e+00
1.3197279e-01 3.2658929e+00 3.8611344e+00
1.3219955e-01 1.5414854e+00 3.8581595e+00
1.3242630e-01 2.4160421e-01 3.8549900e+00
1.3265306e-01 5.5234016e-01 3.8516264e+00
1.3287982e-01 2.1840083e+00 3.8480693e+00
1.3310658e-01 3.6412077e+00 3.8443192e+00
1.3333333e-01 3.5938132e+00 3.8403769e+00
1.3356009e-01 2.0915292e+00 3.8362431e+00
1.3378685e-01 5.1259585e-01 3.8319184e+00
1.3401361e-01 2.9891796e-01 3.8274036e+00
1.3424036e-01 1.6388391e+00 3.8226995e+00
1.3446712e-01 3.3013078e+00 3.8178070e+00
1.3469388e-01 3.7672780e+00 3.8127269e+00
1.3492063e-01 2.6181877e+00 3.8074600e+00
1.3514739e-01 9.1194001e-01 3.8020074e+00
1.3537415e-01 2.0865314e-01 3.7963699e+00
1.3560091e-01 1.1436630e+00 3.7905485e+00
1.3582766e-01 2.8534655e+00 3.7845444e+00
1.3605442e-01 3.7733858e+00 3.7783584e+00
1.3628118e-01 3.0699365e+00 3.7719918e+00
1.3650794e-01 1.3961820e+00 3.7654456e+00
1.3673469e-01 2.8537388e-01 3.7587209e+00
1.3696145e-01 7.4593085e-01 3.7518190e+00
1.3718821e-01 2.3457137e+00 3.7447410e+00
1.3741497e-01 3.6173821e+00 3.7374882e+00
1.3764172e-01 3.4047029e+00 3.7300618e+00
1.3786848e-01 1.9141423e+00 3.7224632e+00
1.3809524e-01 5.1503182e-01 3.7146936e+00
1.3832200e-01 4.8120742e-01 3.7067543e+00
1.3854875e-01 1.8308694e+00 3.6986469e+00
1.3877551e-01 3.3215866e+00 3.6903727e+00
1.3900227e-01 3.5943503e+00 3.6819330e+00
1.3922902e-01 2.4129064e+00 3.6733295e+00
1.3945578e-01 8.6780931e-01 3.6645635e+00
1.3968254e-01 3.6951630e-01 3.6556365e+00
1.3990930e-01 1.3604226e+00 3.6465502e+00
1.4013605e-01 2.9223274e+00 3.6373061e+00
1.4036281e-01 3.6273997e+00 3.6279057e+00
1.4058957e-01 2.8438650e+00 3.6183507e+00
1.4081633e-01 1.3020361e+00 3.6086427e+00
1.4104308e-01 4.1362441e-01 3.5987834e+00
1.4126984e-01 9.7875546e-01 3.5887745e+00
1.4149660e-01 2.4653057e+00 3.5786176e+00
1.4172336e-01 3.5096976e+00 3.5683145e+00
1.4195011e-01 3.1680594e+00 3.5578670e+00
1.4217687e-01 1.7693904e+00 3.5472768e+00
1.4240363e-01 5.9942953e-01 3.5365458e+00
1.4263039e-01 7.1839289e-01 3.5256757e+00
1.4285714e-01 2.0000000e+00 3.5146683e+00
1.4308390e-01 3.2630005e+00 3.5035257e+00
1.4331066e-01 3.3601941e+00 3.4922495e+00
1.4353741e-01 2.2207080e+00 3.4808417e+00
1.4376417e-01 8.9834324e-01 3.4693043e+00
1.4399093e-01 5.9684120e-01 3.4576392e+00
1.4421769e-01 1.5738288e+00 3.4458482e+00
1.4444444e-01 2.9217147e+00 3.4339335e+00
1.4467120e-01 3.4108618e+00 3.4218969e+00
1.4489796e-01 2.6116635e+00 3.4097405e+00
1.4512472e-01 1.2713119e+00 3.3974663e+00
1.4535147e-01 6.1535424e-01 3.3850763e+00
1.4557823e-01 1.2268024e+00 3.3725725e+00
1.4580499e-01 2.5282547e+00 3.3599572e+00
1.4603175e-01 3.3267647e+00 3.3472322e+00
1.4625850e-01 2.9076223e+00 3.3343997e+00
1.4648526e-01 1.6739195e+00 3.3214618e+00
1.4671202e-01 7.5971224e-01 3.3084207e+00
1.4693878e-01 9.8731056e-01 3.2952784e+00
1.4716553e-01 2.1276497e+00 3.2820371e+00
1.4739229e-01 3.1289794e+00 3.2686989e+00
1.4761905e-01 3.0870923e+00 3.2552661e+00
1.4784580e-01 2.0618957e+00 3.2417407e+00
1.4807256e-01 1.0028386e+00 3.2281250e+00
1.4829932e-01 8.6952727e-01 3.2144211e+00
1.4852608e-01 1.7620995e+00 3.2006313e+00
1.4875283e-01 2.8495605e+00 3.1867577e+00
1.4897959e-01 3.1433980e+00 3.1728026e+00
1.4920635e-01 2.3963221e+00 3.1587682e+00
1.4943311e-01 1.3088513e+00 3.1446567e+00
1.4965986e-01 8.7269071e-01 3.1304703e+00
1.4988662e-01 1.4661675e+00 3.1162114e+00
1.5011338e-01 2.5269795e+00 3.1018820e+00
1.5034014e-01 3.0844438e+00 3.0874846e+00
1.5056689e-01 2.6478950e+00 3.0730214e+00
1.5079365e-01 1.6379736e+00 3.0584945e+00
1.5102041e-01 9.8226662e-01 3.0439063e+00
1.5124717e-01 1.2631876e+00 3.0292590e+00
1.5147392e-01 2.2010302e+00 3.0145550e+00
1.5170068e-01 2.9306842e+00 2.9997964e+00
1.5192744e-01 2.7997472e+00 2.9849855e+00
1.5215420e-01 1.9516433e+00 2.9701247e+00
1.5238095e-01 1.1727586e+00 2.9552161e+00
1.5260771e-01 1.1632873e+00 2.9402621e+00
1.5283447e-01 1.9078734e+00 2.9252649e+00
1.5306122e-01 2.7116440e+00 2.9102268e+00
1.5328798e-01 2.8485372e+00 2.8951500e+00
1.5351474e-01 2.2171556e+00 2.8800369e+00
1.5374150e-01 1.4117256e+00 2.8648897e+00
1.5396825e-01 1.1631984e+00 2.8497106e+00
1.5419501e-01 1.6758504e+00 2.8345020e+00
1.5442177e-01 2.4615090e+00 2.8192660e+00
1.5464853e-01 2.8037550e+00 2.8040049e+00
1.5487528e-01 2.4112669e+00 2.7887210e+00
1.5510204e-01 1.6644272e+00 2.7734165e+00
1.5532880e-01 1.2477898e+00 2.7580936e+00
1.5555556e-01 1.5225666e+00 2.7427545e+00
1.5578231e-01 2.2144054e+00 2.7274016e+00
1.5600907e-01 2.6854240e+00 2.7120369e+00
1.5623583e-01 2.5223446e+00 2.6966627e+00
1.5646259e-01 1.8984603e+00 2.6812812e+00
1.5668934e-01 1.3930331e+00 2.6658946e+00
1.5691610e-01 1.4535588e+00 2.6505051e+00
1.5714286e-01 2.0000000e+00 2.6351149e+00
1.5736961e-01 2.5205859e+00 2.6197260e+00
1.5759637e-01 2.5508601e+00 2.6043407e+00
1.5782313e-01 2.0877801e+00 2.5889611e+00
1.5804989e-01 1.5699335e+00 2.5735893e+00
1.5827664e-01 1.4626367e+00 2.5582275e+00
1.5850340e-01 1.8399840e+00 2.5428777e+00
1.5873016e-01 2.3390976e+00 2.5275421e+00
1.5895692e-01 2.5082476e+00 2.5122228e+00
1.5918367e-01 2.2156063e+00 2.4969218e+00
1.5941043e-01 1.7488553e+00 2.4816412e+00
1.5963719e-01 1.5337620e+00 2.4663830e+00
1.5986395e-01 1.7458586e+00 2.4511492e+00
1.6009070e-01 2.1693350e+00 2.4359420e+00
1.6031746e-01 2.4143708e+00 2.4207632e+00
1.6054422e-01 2.2758882e+00 2.4056149e+00
1.6077098e-01 1.9036415e+00 2.3904990e+00
1.6099773e-01 1.6441314e+00 2.3754176e+00
1.6122449e-01 1.7182495e+00 2.3603725e+00
1.6145125e-01 2.0343873e+00 2.3453656e+00
1.6167800e-01 2.2940127e+00 2.3303990e+00
1.6190476e-01 2.2732089e+00 2.3154744e+00
1.6213152e-01 2.0149834e+00 2.3005938e+00
1.6235828e-01 1.7679814e+00 2.2857590e+00
1.6258503e-01 1.7477593e+00 2.2709719e+00
1.6281179e-01 1.9492282e+00 2.2562343e+00
1.6303855e-01 2.1729162e+00 2.2415479e+00
1.6326531e-01 2.2212254e+00 2.2269146e+00
1.6349206e-01 2.0726233e+00 2.2123362e+00
1.6371882e-01 1.8805588e+00 2.1978144e+00
1.6394558e-01 1.8171618e+00 2.1833508e+00
1.6417234e-01 1.9192003e+00 2.1689474e+00
1.6439909e-01 2.0739407e+00 2.1546056e+00
1.6462585e-01 2.1399348e+00 2.1403272e+00
1.6485261e-01 2.0761481e+00 2.1261139e+00
1.6507937e-01 1.9617049e+00 2.1119672e+00
1.6530612e-01 1.9045654e+00 2.0978889e+00
1.6553288e-01 1.9399528e+00 2.0838804e+00
1.6575964e-01 2.0138590e+00 2.0699433e+00
1.6598639e-01 2.0522027e+00 2.0560792e+00
1.6621315e-01 2.0343366e+00 2.0422897e+00
1.6643991e-01 1.9985756e+00 2.0285761e+00
1.6666667e-01 1.9870615e+00 2.0149401e+00
1.6689342e-01 1.9987693e+00 2.0013830e+00
1.6712018e-01 2.0012042e+00 2.0120938e+00
1.6734694e-01 1.9800721e+00 2.0254887e+00
1.6757370e-01 1.9632200e+00 2.0388004e+00
1.6780045e-01 1.9871618e+00 2.0520276e+00
1.6802721e-01 2.0443261e+00 2.0651689e+00
1.6825397e-01 2.0770345e+00 2.0782229e+00
1.6848073e-01 2.0354207e+00 2.0911884e+00
1.6870748e-01 1.9413786e+00 2.1040641e+00
1.6893424e-01 1.8831876e+00 2.1168487e+00
1.6916100e-01 1.9324527e+00 2.1295411e+00
1.6938776e-01 2.0616722e+00 2.1421399e+00
1.6961451e-01 2.1534439e+00 2.1546441e+00
1.6984127e-01 2.1073792e+00 2.1670524e+00
1.7006803e-01 1.9471316e+00 2.1793638e+00
1.7029478e-01 1.8155833e+00 2.1915771e+00
1.7052154e-01 1.8472762e+00 2.2036912e+00
1.7074830e-01 2.0321492e+00 2.2157051e+00
1.7097506e-01 2.2074749e+00 2.2276177e+00
1.7120181e-01 2.2011257e+00 2.2394280e+00
1.7142857e-01 2.0000000e+00 2.2511351e+00
1.7165533e-01 1.7792934e+00 2.2627379e+00
1.7188209e-01 1.7500328e+00 2.2742355e+00
1.7210884e-01 1.9574295e+00 2.2856270e+00
1.7233560e-01 2.2226187e+00 2.2969115e+00
1.7256236e-01 2.2965731e+00 2.3080881e+00
1.7278912e-01 2.0940729e+00 2.3191561e+00
1.7301587e-01 1.7878065e+00 2.3301145e+00
1.7324263e-01 1.6616836e+00 2.3409625e+00
1.7346939e-01 1.8474033e+00 2.3516995e+00
1.7369615e-01 2.1889288e+00 2.3623246e+00
1.7392290e-01 2.3727213e+00 2.3728372e+00
1.7414966e-01 2.2158848e+00 2.3832365e+00
1.7437642e-01 1.8471424e+00 2.3935218e+00
1.7460317e-01 1.6024405e+00 2.4036925e+00
1.7482993e-01 1.7185799e+00 2.4137481e+00
1.7505669e-01 2.1045481e+00 2.4236877e+00
1.7528345e-01 2.4109369e+00 2.4335110e+00
1.7551020e-01 2.3465213e+00 2.4432173e+00
1.7573696e-01 1.9549151e+00 2.4528062e+00
1.7596372e-01 1.5886327e+00 2.4622770e+00
1.7619048e-01 1.5915570e+00 2.4716293e+00
1.7641723e-01 1.9760310e+00 2.4808627e+00
1.7664399e-01 2.3978308e+00 2.4899768e+00
1.7687075e-01 2.4644790e+00 2.4989710e+00
1.7709751e-01 2.1006275e+00 2.5078451e+00
1.7732426e-01 1.6301842e+00 2.5165986e+00
1.7755102e-01 1.4879375e+00 2.5252312e+00
1.7777778e-01 1.8174493e+00 2.5337426e+00
1.7800454e-01 2.3273420e+00 2.5421325e+00
1.7823129e-01 2.5488615e+00 2.5504006e+00
1.7845805e-01 2.2671272e+00 2.5585466e+00
1.7868481e-01 1.7290354e+00 2.5665704e+00
1.7891156e-01 1.4271346e+00 2.5744718e+00
1.7913832e-01 1.6484346e+00 2.5822504e+00
1.7936508e-01 2.2017598e+00 2.5899063e+00
1.7959184e-01 2.5824601e+00 2.5974392e+00
1.7981859e-01 2.4329913e+00 2.6048490e+00
1.8004535e-01 1.8787077e+00 2.6121356e+00
1.8027211e-01 1.4235109e+00 2.6192989e+00
1.8049887e-01 1.4914516e+00 2.6263390e+00
1.8072562e-01 2.0315652e+00 2.6332557e+00
1.8095238e-01 2.5542987e+00 2.6400490e+00
1.8117914e-01 2.5754970e+00 2.6467190e+00
1.8140590e-01 2.0650443e+00 2.6532656e+00
1.8163265e-01 1.4842344e+00 2.6596890e+00
1.8185941e-01 1.3686907e+00 2.6659891e+00
1.8208617e-01 1.8341380e+00 2.6721661e+00
1.8231293e-01 2.4613068e+00 2.6782201e+00
1.8253968e-01 2.6737574e+00 2.6841512e+00
1.8276644e-01 2.2680043e+00 2.6899596e+00
1.8299320e-01 1.6081290e+00 2.6956453e+00
1.8321995e-01 1.2990093e+00 2.7012087e+00
1.8344671e-01 1.6315279e+00 2.7066498e+00
1.8367347e-01 2.3089118e+00 2.7119690e+00
1.8390023e-01 2.7116007e+00 2.7171665e+00
1.8412698e-01 2.4642485e+00 2.7222424e+00
1.8435374e-01 1.7856549e+00 2.7271972e+00
1.8458050e-01 1.2953292e+00 2.7320310e+00
1.8480726e-01 1.4476030e+00 2.7367442e+00
1.8503401e-01 2.1104906e+00 2.7413371e+00
1.8526077e-01 2.6798103e+00 2.7458101e+00
1.8548753e-01 2.6301568e+00 2.7501635e+00
1.8571429e-01 2.0000000e+00 2.7543977e+00
1.8594104e-01 1.3628293e+00 2.7585131e+00
1.8616780e-01 1.3049676e+00 2.7625101e+00
1.8639456e-01 1.8857756e+00 2.7663891e+00
1.8662132e-01 2.5774444e+00 2.7701505e+00
1.8684807e-01 2.7448737e+00 2.7737948e+00
1.8707483e-01 2.2291198e+00 2.7773225e+00
1.8730159e-01 1.4981538e+00 2.7807341e+00
1.8752834e-01 1.2220547e+00 2.7840300e+00
1.8775510e-01 1.6584420e+00 2.7872108e+00
1.8798186e-01 2.4120782e+00 2.7902769e+00
1.8820862e-01 2.7929825e+00 2.7932290e+00
1.8843537e-01 2.4484408e+00 2.7960676e+00
1.8866213e-01 1.6897209e+00 2.7987931e+00
1.8888889e-01 1.2107688e+00 2.8014063e+00
1.8911565e-01 1.4532039e+00 2.8039077e+00
1.8934240e-01 2.1989600e+00 2.8062979e+00
1.8956916e-01 2.7664727e+00 2.8085775e+00
1.8979592e-01 2.6338676e+00 2.8107471e+00
1.9002268e-01 1.9190705e+00 2.8128075e+00
1.9024943e-01 1.2749689e+00 2.8147591e+00
1.9047619e-01 1.2928013e+00 2.8166027e+00
1.9070295e-01 1.9592092e+00 2.8183389e+00
1.9092971e-01 2.6657636e+00 2.8199685e+00
1.9115646e-01 2.7647054e+00 2.8214921e+00
1.9138322e-01 2.1630565e+00 2.8229104e+00
1.9160998e-01 1.4099653e+00 2.8242241e+00
1.9183673e-01 1.1952614e+00 2.8254339e+00
1.9206349e-01 1.7173065e+00 2.8265406e+00
1.9229025e-01 2.4996753e+00 2.8275449e+00
1.9251701e-01 2.8261310e+00 2.8284476e+00
1.9274376e-01 2.3965918e+00 2.8292493e+00
1.9297052e-01 1.6030727e+00 2.8299508e+00
1.9319728e-01 1.1717694e+00 2.8305530e+00
1.9342404e-01 1.4982044e+00 2.8310566e+00
1.9365079e-01 2.2843769e+00 2.8314623e+00
1.9387755e-01 2.8109168e+00 2.8317710e+00
1.9410431e-01 2.5955894e+00 2.8319835e+00
1.9433107e-01 1.8351225e+00 2.8321005e+00
1.9455782e-01 1.2253987e+00 2.8321229e+00
1.9478458e-01 1.3244258e+00 2.8320514e+00
1.9501134e-01 2.0414661e+00 2.8318870e+00
1.9523810e-01 2.7202130e+00 2.8316303e+00
1.9546485e-01 2.7397347e+00 2.8312823e+00
1.9569161e-01 2.0827253e+00 2.8308438e+00
1.9591837e-01 1.3508331e+00 2.8303157e+00
1.9614512e-01 1.2135060e+00 2.8296986e+00
1.9637188e-01 1.7954397e+00 2.8289936e+00
1.9659864e-01 2.5633201e+00 2.8282015e+00
1.9682540e-01 2.8147542e+00 2.8273231e+00
1.9705215e-01 2.3209867e+00 2.8263593e+00
1.9727891e-01 1.5350858e+00 2.8253109e+00
1.9750567e-01 1.1760774e+00 2.8241788e+00
1.9773243e-01 1.5708777e+00 2.8229639e+00
1.9795918e-01 2.3565080e+00 2.8216670e+00
1.9818594e-01 2.8139230e+00 2.8202891e+00
1.9841270e-01 2.5263344e+00 2.8188310e+00
1.9863946e-01 1.7590985e+00 2.8172935e+00
1.9886621e-01 1.2148089e+00 2.8156776e+00
1.9909297e-01 1.3896900e+00 2.8139841e+00
1.9931973e-01 2.1210542e+00 2.8122140e+00
1.9954649e-01 2.7386552e+00 2.8103680e+00
1.9977324e-01 2.6791166e+00 2.8084472e+00
2.0000000e-01 2.0000000e+00 2.8064523e+00
2.0022676e-01 1.3242964e+00 2.8043842e+00
2.0045351e-01 1.2687500e+00 2.8022439e+00
2.0068027e-01 1.8807614e+00 2.8000323e+00
2.0090703e-01 2.5981380e+00 2.7977501e+00
2.0113379e-01 2.7656697e+00 2.7953984e+00
2.0136054e-01 2.2337343e+00 2.7929779e+00
2.0158730e-01 1.4918831e+00 2.7904896e+00
2.0181406e-01 1.2181807e+00 2.7879343e+00
2.0204082e-01 1.6592655e+00 2.7853130e+00
2.0226757e-01 2.4080890e+00 2.7826265e+00
2.0249433e-01 2.7796333e+00 2.7798757e+00
2.0272109e-01 2.4377344e+00 2.7770615e+00
2.0294785e-01 1.6992797e+00 2.7741848e+00
2.0317460e-01 1.2404706e+00 2.7712464e+00
2.0340136e-01 1.4774592e+00 2.7682472e+00
2.0362812e-01 2.1888158e+00 2.7651881e+00
2.0385488e-01 2.7223869e+00 2.7620699e+00
2.0408163e-01 2.5933269e+00 2.7588936e+00
2.0430839e-01 1.9247606e+00 2.7556600e+00
2.0453515e-01 1.3304872e+00 2.7523699e+00
2.0476190e-01 1.3513260e+00 2.7490243e+00
2.0498866e-01 1.9628337e+00 2.7456239e+00
2.0521542e-01 2.6025957e+00 2.7421697e+00
2.0544218e-01 2.6876014e+00 2.7386624e+00
2.0566893e-01 2.1456578e+00 2.7351030e+00
2.0589569e-01 1.4763490e+00 2.7314922e+00
2.0612245e-01 1.2904172e+00 2.7278310e+00
2.0634921e-01 1.7523363e+00 2.7241202e+00
2.0657596e-01 2.4349569e+00 2.7203606e+00
2.0680272e-01 2.7145493e+00 2.7165530e+00
2.0702948e-01 2.3408508e+00 2.7126982e+00
2.0725624e-01 1.6610149e+00 2.7087972e+00
2.0748299e-01 1.2971202e+00 2.7048507e+00
2.0770975e-01 1.5768179e+00 2.7008595e+00
2.0793651e-01 2.2383280e+00 2.6968245e+00
2.0816327e-01 2.6753778e+00 2.6927464e+00
2.0839002e-01 2.4929646e+00 2.6886261e+00
2.0861678e-01 1.8643760e+00 2.6844643e+00
2.0884354e-01 1.3667620e+00 2.6802619e+00
2.0907029e-01 1.4511139e+00 2.6760197e+00
2.0929705e-01 2.0334834e+00 2.6717385e+00
2.0952381e-01 2.5780017e+00 2.6674189e+00
2.0975057e-01 2.5900401e+00 2.6630619e+00
2.0997732e-01 2.0655822e+00 2.6586682e+00
2.1020408e-01 1.4884958e+00 2.6542385e+00
2.1043084e-01 1.3840618e+00 2.6497736e+00
2.1065760e-01 1.8407738e+00 2.6452744e+00
2.1088435e-01 2.4358149e+00 2.6407415e+00
2.1111111e-01 2.6265108e+00 2.6361757e+00
2.1133787e-01 2.2453268e+00 2.6315778e+00
2.1156463e-01 1.6468274e+00 2.6269484e+00
2.1179138e-01 1.3779050e+00 2.6222884e+00
2.1201814e-01 1.6779624e+00 2.6175985e+00
2.1224490e-01 2.2659184e+00 2.6128794e+00
2.1247166e-01 2.6034122e+00 2.6081318e+00
2.1269841e-01 2.3878300e+00 2.6033564e+00
2.1292517e-01 1.8235731e+00 2.5985540e+00
2.1315193e-01 1.4284656e+00 2.5937253e+00
2.1337868e-01 1.5584756e+00 2.5888710e+00
2.1360544e-01 2.0870395e+00 2.5839917e+00
2.1383220e-01 2.5278424e+00 2.5790883e+00
2.1405896e-01 2.4823104e+00 2.5741613e+00
2.1428571e-01 2.0000000e+00 2.5692115e+00
2.1451247e-01 1.5260241e+00 2.5642396e+00
2.1473923e-01 1.4902439e+00 2.5592461e+00
2.1496599e-01 1.9173960e+00 2.5542319e+00
2.1519274e-01 2.4117780e+00 2.5491976e+00
2.1541950e-01 2.5238060e+00 2.5441438e+00
2.1564626e-01 2.1588940e+00 2.5390712e+00
2.1587302e-01 1.6567640e+00 2.5339804e+00
2.1609977e-01 1.4752323e+00 2.5288722e+00
2.1632653e-01 1.7727546e+00 2.5237472e+00
2.1655329e-01 2.2704194e+00 2.5186059e+00
2.1678005e-01 2.5132895e+00 2.5134491e+00
2.1700680e-01 2.2863228e+00 2.5082774e+00
2.1723356e-01 1.8045818e+00 2.5030914e+00
2.1746032e-01 1.5096724e+00 2.4978917e+00
2.1768707e-01 1.6648932e+00 2.4926790e+00
2.1791383e-01 2.1202829e+00 2.4874539e+00
2.1814059e-01 2.4571067e+00 2.4822170e+00
2.1836735e-01 2.3729093e+00 2.4769689e+00
2.1859410e-01 1.9530328e+00 2.4717103e+00
2.1882086e-01 1.5849267e+00 2.4664416e+00
2.1904762e-01 1.6006206e+00 2.4611636e+00
2.1927438e-01 1.9772764e+00 2.4558769e+00
2.1950113e-01 2.3658446e+00 2.4505819e+00
2.1972789e-01 2.4144989e+00 2.4452794e+00
2.1995465e-01 2.0871783e+00 2.4399699e+00
2.2018141e-01 1.6888457e+00 2.4346539e+00
2.2040816e-01 1.5814321e+00 2.4293322e+00
2.2063492e-01 1.8549817e+00 2.4240051e+00
2.2086168e-01 2.2527969e+00 2.4186734e+00
2.2108844e-01 2.4121818e+00 2.4133376e+00
2.2131519e-01 2.1951268e+00 2.4079982e+00
2.2154195e-01 1.8074282e+00 2.4026559e+00
2.2176871e-01 1.6037998e+00 2.3973112e+00
2.2199546e-01 1.7633300e+00 2.3919646e+00
2.2222222e-01 2.1322307e+00 2.3866167e+00
2.2244898e-01 2.3717089e+00 2.3812681e+00
2.2267574e-01 2.2691082e+00 2.3759193e+00
2.2290249e-01 1.9265728e+00 2.3705709e+00
2.2312925e-01 1.6600231e+00 2.3652235e+00
2.2335601e-01 1.7078018e+00 2.3598774e+00
2.2358277e-01 2.0176720e+00 2.3545334e+00
2.2380952e-01 2.3024091e+00 2.3491920e+00
2.2403628e-01 2.3059857e+00 2.3438536e+00
2.2426304e-01 2.0337056e+00 2.3385189e+00
2.2448980e-01 1.7395028e+00 2.3331884e+00
2.2471655e-01 1.6892101e+00 2.3278626e+00
2.2494331e-01 1.9204104e+00 2.3225420e+00
2.2517007e-01 2.2157693e+00 2.3172272e+00
2.2539683e-01 2.3071799e+00 2.3119187e+00
2.2562358e-01 2.1191007e+00 2.3066170e+00
2.2585034e-01 1.8302589e+00 2.3013227e+00
2.2607710e-01 1.7040557e+00 2.2960364e+00
2.2630385e-01 1.8483883e+00 2.2907584e+00
2.2653061e-01 2.1238692e+00 2.2854894e+00
2.2675737e-01 2.2780551e+00 2.2802299e+00
2.2698413e-01 2.1767539e+00 2.2749803e+00
2.2721088e-01 1.9204924e+00 2.2697413e+00
2.2743764e-01 1.7453730e+00 2.2645134e+00
2.2766440e-01 1.8055840e+00 2.2592970e+00
2.2789116e-01 2.0378705e+00 2.2540927e+00
2.2811791e-01 2.2268747e+00 2.2489010e+00
2.2834467e-01 2.2047332e+00 2.2437224e+00
2.2857143e-01 2.0000000e+00 2.2385575e+00
2.2879819e-01 1.8039322e+00 2.2334068e+00
2.2902494e-01 1.7919298e+00 2.2282708e+00
2.2925170e-01 1.9667412e+00 2.2231500e+00
2.2947846e-01 2.1634860e+00 2.2180449e+00
2.2970522e-01 2.2049967e+00 2.2129561e+00
2.2993197e-01 2.0612749e+00 2.2078841e+00
2.3015873e-01 1.8696238e+00 2.2028294e+00
2.3038549e-01 1.8037426e+00 2.1977924e+00
2.3061224e-01 1.9163585e+00 2.1927739e+00
2.3083900e-01 2.0979121e+00 2.1877742e+00
2.3106576e-01 2.1827371e+00 2.1827939e+00
2.3129252e-01 2.1001772e+00 2.1778335e+00
2.3151927e-01 1.9328421e+00 2.1728935e+00
2.3174603e-01 1.8345774e+00 2.1679745e+00
2.3197279e-01 1.8890795e+00 2.1630770e+00
2.3219955e-01 2.0390374e+00 2.1582015e+00
2.3242630e-01 2.1453632e+00 2.1533485e+00
2.3265306e-01 2.1161165e+00 2.1485186e+00
2.3287982e-01 1.9856909e+00 2.1437122e+00
2.3310658e-01 1.8763701e+00 2.1389300e+00
2.3333333e-01 1.8838033e+00 2.1341724e+00
2.3356009e-01 1.9935479e+00 2.1294400e+00
2.3378685e-01 2.1012757e+00 2.1247333e+00
2.3401361e-01 2.1117541e+00 2.1200529e+00
2.3424036e-01 2.0228659e+00 2.1153992e+00
2.3446712e-01 1.9207014e+00 2.1107728e+00
2.3469388e-01 1.8964878e+00 2.1061742e+00
2.3492063e-01 1.9652494e+00 2.1016041e+00
2.3514739e-01 2.0586069e+00 2.0970628e+00
2.3537415e-01 2.0922922e+00 2.0925510e+00
2.3560091e-01 2.0421194e+00 2.0880691e+00
2.3582766e-01 1.9600094e+00 2.0836178e+00
2.3605442e-01 1.9210239e+00 2.0791976e+00
2.3628118e-01 1.9548300e+00 2.0748090e+00
2.3650794e-01 2.0240962e+00 2.0704525e+00
2.3673469e-01 2.0644707e+00 2.0661287e+00
2.3696145e-01 2.0442679e+00 2.0618381e+00
2.3718821e-01 1.9885905e+00 2.0575814e+00
2.3741497e-01 1.9503296e+00 2.0533589e+00
2.3764172e-01 1.9600759e+00 2.0491714e+00
2.3786848e-01 2.0022440e+00 2.0450192e+00
2.3809524e-01 2.0354231e+00 2.0409031e+00
2.3832200e-01 2.0327681e+00 2.0368234e+00
2.3854875e-01 2.0032639e+00 2.0327809e+00
2.3877551e-01 1.9775021e+00 2.0287760e+00
2.3900227e-01 1.9764827e+00 2.0248092e+00
2.3922902e-01 1.9948474e+00 2.0208812e+00
2.3945578e-01 2.0115578e+00 2.0169924e+00
2.3968254e-01 2.0129439e+00 2.0131435e+00
2.3990930e-01 2.0036260e+00 2.0093350e+00
2.4013605e-01 1.9968637e+00 2.0055675e+00
2.4036281e-01 1.9981592e+00 2.0018414e+00
2.4058957e-01 2.0009608e+00 2.0018426e+00
2.4081633e-01 1.9976206e+00 2.0054840e+00
2.4104308e-01 1.9909883e+00 2.0090822e+00
2.4126984e-01 1.9918773e+00 2.0126367e+00
2.4149660e-01 2.0047594e+00 2.0161469e+00
2.4172336e-01 2.0188792e+00 2.0196122e+00
2.4195011e-01 2.0172691e+00 2.0230322e+00
2.4217687e-01 1.9960644e+00 2.0264062e+00
2.4240363e-01 1.9728975e+00 2.0297337e+00
2.4263039e-01 1.9722672e+00 2.0330142e+00
2.4285714e-01 2.0000000e+00 2.0362470e+00
2.4308390e-01 2.0331236e+00 2.0394317e+00
2.4331066e-01 2.0388006e+00 2.0425676e+00
2.4353741e-01 2.0068044e+00 2.0456543e+00
2.4376417e-01 1.9634923e+00 2.0486911e+00
2.4399093e-01 1.9502539e+00 2.0516776e+00
2.4421769e-01 1.9839025e+00 2.0546131e+00
2.4444444e-01 2.0369585e+00 2.0574972e+00
2.4467120e-01 2.0598610e+00 2.0603292e+00
2.4489796e-01 2.0273818e+00 2.0631086e+00
2.4512472e-01 1.9656713e+00 2.0658350e+00
2.4535147e-01 1.9315136e+00 2.0685077e+00
2.4557823e-01 1.9599332e+00 2.0711262e+00
2.4580499e-01 2.0286238e+00 2.0736900e+00
2.4603175e-01 2.0750409e+00 2.0761985e+00
2.4625850e-01 2.0534964e+00 2.0786512e+00
2.4648526e-01 1.9800009e+00 2.0810476e+00
2.4671202e-01 1.9209551e+00 2.0833871e+00
2.4693878e-01 1.9330211e+00 2.0856692e+00
2.4716553e-01 2.0087514e+00 2.0878934e+00
2.4739229e-01 2.0801411e+00 2.0900592e+00
2.4761905e-01 2.0798181e+00 2.0921660e+00
2.4784580e-01 2.0046962e+00 2.0942134e+00
2.4807256e-01 1.9218909e+00 2.0962008e+00
2.4829932e-01 1.9086555e+00 2.0981277e+00
2.4852608e-01 1.9801866e+00 2.0999937e+00
2.4875283e-01 2.0728739e+00 2.1017982e+00
2.4897959e-01 2.1009447e+00 2.1035407e+00
2.4920635e-01 2.0359876e+00 2.1052207e+00
2.4943311e-01 1.9354908e+00 2.1068378e+00
2.4965986e-01 1.8919116e+00 2.1083915e+00
2.4988662e-01 1.9474488e+00 2.1098813e+00
2.5011338e-01 2.0532329e+00 2.1113067e+00
2.5034014e-01 2.1123522e+00 2.1126673e+00
2.5056689e-01 2.0688111e+00 2.1139625e+00
2.5079365e-01 1.9606020e+00 2.1151921e+00
2.5102041e-01 1.8865619e+00 2.1163554e+00
2.5124717e-01 1.9159200e+00 2.1174521e+00
2.5147392e-01 2.0234767e+00 2.1184817e+00
2.5170068e-01 2.1111870e+00 2.1194437e+00
2.5192744e-01 2.0977069e+00 2.1203379e+00
2.5215420e-01 1.9939605e+00 2.1211637e+00
2.5238095e-01 1.8944135e+00 2.1219208e+00
2.5260771e-01 1.8908940e+00 2.1226087e+00
2.5283447e-01 1.9877306e+00 2.1232270e+00
2.5306122e-01 2.0967715e+00 2.1237754e+00
2.5328798e-01 2.1177832e+00 2.1242534e+00
2.5351474e-01 2.0307610e+00 2.1246608e+00
2.5374150e-01 1.9149804e+00 2.1249971e+00
2.5396825e-01 1.8766410e+00 2.1252620e+00
2.5419501e-01 1.9512688e+00 2.1254552e+00
2.5442177e-01 2.0707396e+00 2.1255762e+00
2.5464853e-01 2.1255858e+00 2.1256248e+00
2.5487528e-01 2.0654926e+00 2.1256007e+00
2.5510204e-01 1.9455461e+00 2.1255035e+00
2.5532880e-01 1.8756398e+00 2.1253329e+00
2.5555556e-01 1.9195945e+00 2.1250887e+00
2.5578231e-01 2.0367768e+00 2.1247706e+00
2.5600907e-01 2.1197295e+00 2.1243782e+00
2.5623583e-01 2.0929064e+00 2.1239114e+00
2.5646259e-01 1.9816127e+00 2.1233699e+00
2.5668934e-01 1.8881096e+00 2.1227534e+00
2.5691610e-01 1.8974650e+00 2.1220617e+00
2.5714286e-01 2.0000000e+00 2.1212946e+00
2.5736961e-01 2.1011828e+00 2.1204520e+00
2.5759637e-01 2.1089555e+00 2.1195335e+00
2.5782313e-01 2.0176673e+00 2.1185390e+00
2.5804989e-01 1.9119244e+00 2.1174684e+00
2.5827664e-01 1.8880261e+00 2.1163215e+00
2.5850340e-01 1.9660742e+00 2.1150981e+00
2.5873016e-01 2.0731480e+00 2.1137981e+00
2.5895692e-01 2.1115489e+00 2.1124214e+00
2.5918367e-01 2.0481472e+00 2.1109679e+00
2.5941043e-01 1.9429355e+00 2.1094375e+00
2.5963719e-01 1.8922035e+00 2.1078300e+00
2.5986395e-01 1.9402061e+00 2.1061455e+00
2.6009070e-01 2.0405464e+00 2.1043839e+00
2.6031746e-01 2.1009873e+00 2.1025452e+00
2.6054422e-01 2.0684453e+00 2.1006292e+00
2.6077098e-01 1.9756608e+00 2.0986361e+00
2.6099773e-01 1.9084627e+00 2.0965657e+00
2.6122449e-01 1.9261808e+00 2.0944182e+00
2.6145125e-01 2.0091795e+00 2.0921936e+00
2.6167800e-01 2.0799922e+00 2.0898918e+00
2.6190476e-01 2.0757885e+00 2.0875131e+00
2.6213152e-01 2.0042398e+00 2.0850573e+00
2.6235828e-01 1.9329950e+00 2.0825247e+00
2.6258503e-01 1.9256089e+00 2.0799154e+00
2.6281179e-01 1.9846973e+00 2.0772294e+00
2.6303855e-01 2.0533084e+00 2.0744669e+00
2.6326531e-01 2.0698322e+00 2.0716281e+00
2.6349206e-01 2.0235013e+00 2.0687132e+00
2.6371882e-01 1.9603166e+00 2.0657222e+00
2.6394558e-01 1.9375197e+00 2.0626555e+00
2.6417234e-01 1.9715375e+00 2.0595133e+00
2.6439909e-01 2.0269237e+00 2.0562958e+00
2.6462585e-01 2.0528550e+00 2.0530032e+00
2.6485261e-01 2.0299703e+00 2.0496358e+00
2.6507937e-01 1.9842007e+00 2.0461940e+00
2.6530612e-01 1.9583920e+00 2.0426780e+00
2.6553288e-01 1.9720181e+00 2.0390882e+00
2.6575964e-01 2.0070193e+00 2.0354248e+00
2.6598639e-01 2.0294978e+00 2.0316883e+00
2.6621315e-01 2.0226361e+00 2.0278791e+00
2.6643991e-01 1.9988038e+00 2.0239974e+00
2.6666667e-01 1.9826415e+00 2.0200439e+00
2.6689342e-01 1.9857453e+00 2.0160188e+00
2.6712018e-01 1.9988129e+00 2.0119226e+00
2.6734694e-01 2.0060638e+00 2.0077558e+00
2.6757370e-01 2.0033357e+00 2.0035190e+00
2.6780045e-01 1.9998057e+00 2.0007875e+00
2.6802721e-01 2.0035118e+00 2.0051631e+00
2.6825397e-01 2.0094612e+00 2.0096072e+00
2.6848073e-01 2.0054844e+00 2.0141192e+00
2.6870748e-01 1.9894666e+00 2.0186987e+00
2.6893424e-01 1.9766623e+00 2.0233450e+00
2.6916100e-01 1.9853699e+00 2.0280574e+00
2.6938776e-01 2.0142467e+00 2.0328354e+00
2.6961451e-01 2.0373859e+00 2.0376783e+00
2.6984127e-01 2.0273733e+00 2.0425853e+00
2.7006803e-01 1.9859826e+00 2.0475559e+00
2.7029478e-01 1.9493762e+00 2.0525893e+00
2.7052154e-01 1.9567490e+00 2.0576848e+00
2.7074830e-01 2.0093661e+00 2.0628416e+00
2.7097506e-01 2.0620361e+00 2.0680589e+00
2.7120181e-01 2.0616042e+00 2.0733360e+00
2.7142857e-01 2.0000000e+00 2.0786721e+00
2.7165533e-01 1.9293822e+00 2.0840663e+00
2.7188209e-01 1.9184041e+00 2.0895177e+00
2.7210884e-01 1.9858372e+00 2.0950256e+00
2.7233560e-01 2.0754198e+00 2.1005890e+00
2.7256236e-01 2.1022375e+00 2.1062071e+00
2.7278912e-01 2.0329769e+00 2.1118788e+00
2.7301587e-01 1.9244061e+00 2.1176033e+00
2.7324263e-01 1.8775779e+00 2.1233796e+00
2.7346939e-01 1.9439393e+00 2.1292068e+00
2.7369615e-01 2.0704374e+00 2.1350837e+00
2.7392290e-01 2.1409657e+00 2.1410095e+00
2.7414966e-01 2.0827985e+00 2.1469831e+00
2.7437642e-01 1.9405681e+00 2.1530034e+00
2.7460317e-01 1.8433472e+00 2.1590694e+00
2.7482993e-01 1.8876491e+00 2.1651799e+00
2.7505669e-01 2.0422779e+00 2.1713339e+00
2.7528345e-01 2.1682858e+00 2.1775303e+00
2.7551020e-01 2.1436754e+00 2.1837678e+00
2.7573696e-01 1.9810776e+00 2.1900453e+00
2.7596372e-01 1.8252632e+00 2.1963618e+00
2.7619048e-01 1.8244430e+00 2.2027158e+00
2.7641723e-01 1.9895769e+00 2.2091063e+00
2.7664399e-01 2.1749987e+00 2.2155320e+00
2.7687075e-01 2.2066463e+00 2.2219917e+00
2.7709751e-01 2.0452732e+00 2.2284841e+00
2.7732426e-01 1.8317657e+00 2.2350079e+00
2.7755102e-01 1.7644947e+00 2.2415618e+00
2.7777778e-01 1.9151296e+00 2.2481445e+00
2.7800454e-01 2.1538220e+00 2.2547546e+00
2.7823129e-01 2.2606600e+00 2.2613909e+00
2.7845805e-01 2.1281969e+00 2.2680519e+00
2.7868481e-01 1.8686063e+00 2.2747363e+00
2.7891156e-01 1.7193443e+00 2.2814427e+00
2.7913832e-01 1.8260019e+00 2.2881696e+00
2.7936508e-01 2.1008671e+00 2.2949156e+00
2.7959184e-01 2.2941157e+00 2.3016794e+00
2.7981859e-01 2.2208158e+00 2.3084594e+00
2.8004535e-01 1.9375336e+00 2.3152541e+00
2.8027211e-01 1.7002008e+00 2.3220622e+00
2.8049887e-01 1.7329682e+00 2.3288820e+00
2.8072562e-01 2.0167339e+00 2.3357120e+00
2.8095238e-01 2.2966577e+00 2.3425508e+00
2.8117914e-01 2.3109184e+00 2.3493968e+00
2.8140590e-01 2.0354709e+00 2.3562485e+00
2.8163265e-01 1.7161137e+00 2.3631042e+00
2.8185941e-01 1.6493025e+00 2.3699625e+00
2.8208617e-01 1.9070165e+00 2.3768216e+00
2.8231293e-01 2.2609687e+00 2.3836800e+00
2.8253968e-01 2.3846030e+00 2.3905362e+00
2.8276644e-01 2.1543595e+00 2.3973884e+00
2.8299320e-01 1.7722863e+00 2.4042350e+00
2.8321995e-01 1.5890534e+00 2.4110744e+00
2.8344671e-01 1.7820897e+00 2.4179049e+00
2.8367347e-01 2.1842812e+00 2.4247249e+00
2.8390023e-01 2.4281836e+00 2.4315327e+00
2.8412698e-01 2.2817508e+00 2.4383265e+00
2.8435374e-01 1.8688031e+00 2.4451047e+00
2.8458050e-01 1.5650231e+00 2.4518657e+00
2.8480726e-01 1.6561447e+00 2.4586076e+00
2.8503401e-01 2.0693536e+00 2.4653287e+00
2.8526077e-01 2.4302558e+00 2.4720274e+00
2.8548753e-01 2.4021220e+00 2.4787019e+00
2.8571429e-01 2.0000000e+00 2.4853504e+00
2.8594104e-01 1.5867314e+00 2.4919712e+00
2.8616780e-01 1.5455573e+00 2.4985625e+00
2.8639456e-01 1.9247154e+00 2.5051227e+00
2.8662132e-01 2.3836254e+00 2.5116498e+00
2.8684807e-01 2.4987762e+00 2.5181422e+00
2.8707483e-01 2.1546280e+00 2.5245980e+00
2.8730159e-01 1.6586698e+00 2.5310155e+00
2.8752834e-01 1.4667777e+00 2.5373929e+00
2.8775510e-01 1.7640851e+00 2.5437283e+00
2.8798186e-01 2.2867999e+00 2.5500201e+00
2.8820862e-01 2.5560936e+00 2.5562665e+00
2.8843537e-01 2.3168481e+00 2.5624655e+00
2.8866213e-01 1.7791300e+00 2.5686154e+00
2.8888889e-01 1.4340167e+00 2.5747145e+00
2.8911565e-01 1.6049823e+00 2.5807609e+00
2.8934240e-01 2.1447856e+00 2.5867528e+00
2.8956916e-01 2.5618256e+00 2.5926884e+00
2.8979592e-01 2.4679777e+00 2.5985660e+00
2.9002268e-01 1.9398228e+00 2.6043836e+00
2.9024943e-01 1.4570540e+00 2.6101396e+00
2.9047619e-01 1.4666738e+00 2.6158320e+00
2.9070295e-01 1.9690228e+00 2.6214592e+00
2.9092971e-01 2.5091009e+00 2.6270194e+00
2.9115646e-01 2.5887876e+00 2.6325106e+00
2.9138322e-01 2.1264036e+00 2.6379313e+00
2.9160998e-01 1.5394976e+00 2.6432794e+00
2.9183673e-01 1.3677072e+00 2.6485534e+00
2.9206349e-01 1.7764038e+00 2.6537514e+00
2.9229025e-01 2.3978296e+00 2.6588717e+00
2.9251701e-01 2.6620560e+00 2.6639124e+00
2.9274376e-01 2.3198906e+00 2.6688719e+00
2.9297052e-01 1.6777772e+00 2.6737483e+00
2.9319728e-01 1.3233573e+00 2.6785400e+00
2.9342404e-01 1.5874535e+00 2.6832452e+00
2.9365079e-01 2.2352627e+00 2.6878621e+00
2.9387755e-01 2.6750295e+00 2.6923892e+00
2.9410431e-01 2.4988336e+00 2.6968246e+00
2.9433107e-01 1.8610665e+00 2.7011666e+00
2.9455782e-01 1.3433490e+00 2.7054136e+00
2.9478458e-01 1.4238781e+00 2.7095639e+00
2.9501134e-01 2.0355708e+00 2.7136158e+00
2.9523810e-01 2.6214318e+00 2.7175677e+00
2.9546485e-01 2.6419694e+00 2.7214178e+00
2.9569161e-01 2.0722031e+00 2.7251647e+00
2.9591837e-01 1.4301960e+00 2.7288067e+00
2.9614512e-01 1.3057929e+00 2.7323421e+00
2.9637188e-01 1.8184435e+00 2.7357693e+00
2.9659864e-01 2.5027067e+00 2.7390869e+00
2.9682540e-01 2.7310161e+00 2.7422932e+00
2.9705215e-01 2.2895341e+00 2.7453866e+00
2.9727891e-01 1.5784306e+00 2.7483658e+00
2.9750567e-01 1.2490045e+00 2.7512290e+00
2.9773243e-01 1.6068509e+00 2.7539749e+00
2.9795918e-01 2.3282773e+00 2.7566019e+00
2.9818594e-01 2.7532174e+00 2.7591087e+00
2.9841270e-01 2.4894787e+00 2.7614936e+00
2.9863946e-01 1.7748791e+00 2.7637554e+00
2.9886621e-01 1.2627332e+00 2.7658926e+00
2.9909297e-01 1.4242402e+00 2.7679038e+00
2.9931973e-01 2.1147309e+00 2.7697876e+00
2.9954649e-01 2.7032657e+00 2.7715427e+00
2.9977324e-01 2.6494810e+00 2.7731678e+00
3.0000000e-01 2.0000000e+00 2.7746616e+00
3.0022676e-01 1.3481208e+00 2.7760227e+00
3.0045351e-01 1.2915321e+00 2.7772500e+00
3.0068027e-01 1.8839941e+00 2.7783421e+00
3.0090703e-01 2.5843028e+00 2.7792978e+00
3.0113379e-01 2.7509586e+00 2.7801160e+00
3.0136054e-01 2.2301435e+00 2.7807955e+00
3.0158730e-01 1.4977675e+00 2.7813351e+00
3.0181406e-01 1.2243331e+00 2.7817338e+00
3.0204082e-01 1.6607071e+00 2.7819903e+00
3.0226757e-01 2.4078164e+00 2.7821037e+00
3.0249433e-01 2.7818298e+00 2.7820729e+00
3.0272109e-01 2.4404582e+00 2.7818969e+00
3.0294785e-01 1.6964092e+00 2.7815746e+00
3.0317460e-01 1.2307615e+00 2.7811052e+00
3.0340136e-01 1.4691336e+00 2.7804877e+00
3.0362812e-01 2.1924020e+00 2.7797211e+00
3.0385488e-01 2.7382502e+00 2.7788046e+00
3.0408163e-01 2.6080596e+00 2.7777374e+00
3.0430839e-01 1.9226837e+00 2.7765185e+00
3.0453515e-01 1.3102183e+00 2.7751473e+00
3.0476190e-01 1.3300229e+00 2.7736229e+00
3.0498866e-01 1.9615217e+00 2.7719447e+00
3.0521542e-01 2.6252830e+00 2.7701118e+00
3.0544218e-01 2.7150262e+00 2.7681237e+00
3.0566893e-01 2.1517759e+00 2.7659796e+00
3.0589569e-01 1.4533075e+00 2.7636791e+00
3.0612245e-01 1.2578640e+00 2.7612214e+00
3.0634921e-01 1.7405414e+00 2.7586061e+00
3.0657596e-01 2.4563751e+00 2.7558326e+00
3.0680272e-01 2.7507952e+00 2.7529005e+00
3.0702948e-01 2.3585992e+00 2.7498092e+00
3.0725624e-01 1.6429554e+00 2.7465585e+00
3.0748299e-01 1.2589302e+00 2.7431478e+00
3.0770975e-01 1.5534402e+00 2.7395769e+00
3.0793651e-01 2.2516739e+00 2.7358454e+00
3.0816327e-01 2.7136014e+00 2.7319530e+00
3.0839002e-01 2.5210791e+00 2.7278995e+00
3.0861678e-01 1.8566047e+00 2.7236848e+00
3.0884354e-01 1.3304146e+00 2.7193085e+00
3.0907029e-01 1.4196506e+00 2.7147706e+00
3.0929705e-01 2.0353941e+00 2.7100709e+00
3.0952381e-01 2.6107293e+00 2.7052095e+00
3.0975057e-01 2.6230759e+00 2.7001861e+00
3.0997732e-01 2.0691997e+00 2.6950010e+00
3.1020408e-01 1.4608068e+00 2.6896540e+00
3.1043084e-01 1.3514800e+00 2.6841452e+00
3.1065760e-01 1.8325813e+00 2.6784749e+00
3.1088435e-01 2.4575134e+00 2.6726430e+00
3.1111111e-01 2.6565219e+00 2.6666498e+00
3.1133787e-01 2.2565595e+00 2.6604956e+00
3.1156463e-01 1.6314870e+00 2.6541805e+00
3.1179138e-01 1.3524964e+00 2.6477049e+00
3.1201814e-01 1.6657240e+00 2.6410691e+00
3.1224490e-01 2.2752009e+00 2.6342734e+00
3.1247166e-01 2.6224499e+00 2.6273184e+00
3.1269841e-01 2.3986596e+00 2.6202043e+00
3.1292517e-01 1.8193352e+00 2.6129317e+00
3.1315193e-01 1.4171299e+00 2.6055012e+00
3.1337868e-01 1.5516959e+00 2.5979132e+00
3.1360544e-01 2.0879600e+00 2.5901684e+00
3.1383220e-01 2.5307402e+00 2.5822674e+00
3.1405896e-01 2.4823521e+00 2.5742109e+00
3.1428571e-01 2.0000000e+00 2.5659996e+00
3.1451247e-01 1.5315728e+00 2.5576342e+00
3.1473923e-01 1.4994780e+00 2.5491155e+00
3.1496599e-01 1.9194509e+00 2.5404444e+00
3.1519274e-01 2.3985999e+00 2.5316217e+00
3.1541950e-01 2.5031139e+00 2.5226482e+00
3.1564626e-01 2.1513642e+00 2.5135251e+00
3.1587302e-01 1.6758724e+00 2.5042531e+00
3.1609977e-01 1.5090069e+00 2.4948334e+00
3.1632653e-01 1.7894506e+00 2.4852669e+00
3.1655329e-01 2.2479710e+00 2.4755548e+00
3.1678005e-01 2.4655535e+00 2.4656983e+00
3.1700680e-01 2.2567040e+00 2.4556983e+00
3.1723356e-01 1.8269304e+00 2.4455563e+00
3.1746032e-01 1.5713394e+00 2.4352734e+00
3.1768707e-01 1.7110281e+00 2.4248508e+00
3.1791383e-01 2.1022291e+00 2.4142899e+00
3.1814059e-01 2.3825760e+00 2.4035921e+00
3.1836735e-01 2.3070711e+00 2.3927587e+00
3.1859410e-01 1.9619859e+00 2.3817911e+00
3.1882086e-01 1.6701326e+00 2.3706909e+00
3.1904762e-01 1.6886990e+00 2.3594594e+00
3.1927438e-01 1.9826487e+00 2.3480984e+00
3.1950113e-01 2.2733058e+00 2.3366092e+00
3.1972789e-01 2.3025279e+00 2.3249935e+00
3.1995465e-01 2.0620699e+00 2.3132530e+00
3.2018141e-01 1.7842454e+00 2.3013893e+00
3.2040816e-01 1.7178519e+00 2.2894041e+00
3.2063492e-01 1.9051581e+00 2.2772992e+00
3.2086168e-01 2.1600543e+00 2.2650764e+00
3.2108844e-01 2.2520307e+00 2.2527374e+00
3.2131519e-01 2.1149168e+00 2.2402841e+00
3.2154195e-01 1.8910928e+00 2.2277184e+00
3.2176871e-01 1.7855591e+00 2.2150422e+00
3.2199546e-01 1.8778760e+00 2.2022575e+00
3.2222222e-01 2.0647671e+00 2.1893662e+00
3.2244898e-01 2.1719483e+00 2.1763703e+00
3.2267574e-01 2.1168810e+00 2.1632719e+00
3.2290249e-01 1.9702636e+00 2.1500731e+00
3.2312925e-01 1.8726789e+00 2.1367759e+00
3.2335601e-01 1.8998211e+00 2.1233825e+00
3.2358277e-01 2.0054778e+00 2.1098950e+00
3.2380952e-01 2.0834118e+00 2.0963157e+00
3.2403628e-01 2.0735450e+00 2.0826468e+00
3.2426304e-01 2.0068593e+00 2.0688904e+00
3.2448980e-01 1.9569609e+00 2.0550491e+00
3.2471655e-01 1.9610166e+00 2.0411249e+00
3.2494331e-01 1.9933079e+00 2.0271203e+00
3.2517007e-01 2.0088678e+00 2.0130376e+00
3.2539683e-01 1.9988963e+00 2.0011208e+00
3.2562358e-01 1.9940366e+00 2.0153524e+00
3.2585034e-01 2.0167051e+00 2.0296548e+00
3.2607710e-01 2.0440118e+00 2.0440255e+00
3.2630385e-01 2.0304842e+00 2.0584621e+00
3.2653061e-01 1.9683430e+00 2.0729620e+00
3.2675737e-01 1.9131565e+00 2.0875227e+00
3.2698413e-01 1.9343446e+00 2.1021416e+00
3.2721088e-01 2.0344322e+00 2.1168161e+00
3.2743764e-01 2.1266271e+00 2.1315436e+00
3.2766440e-01 2.1097091e+00 2.1463215e+00
3.2789116e-01 1.9759823e+00 2.1611470e+00
3.2811791e-01 1.8395589e+00 2.1760176e+00
3.2834467e-01 1.8396134e+00 2.1909305e+00
3.2857143e-01 2.0000000e+00 2.2058830e+00
3.2879819e-01 2.1855385e+00 2.2208723e+00
3.2902494e-01 2.2150204e+00 2.2358958e+00
3.2925170e-01 2.0374022e+00 2.2509506e+00
3.2947846e-01 1.8005328e+00 2.2660339e+00
3.2970522e-01 1.7293650e+00 2.2811430e+00
3.2993197e-01 1.9126714e+00 2.2962749e+00
3.3015873e-01 2.2001814e+00 2.3114270e+00
3.3038549e-01 2.3240615e+00 2.3265962e+00
3.3061224e-01 2.1482927e+00 2.3417797e+00
3.3083900e-01 1.8138608e+00 2.3569747e+00
3.3106576e-01 1.6279374e+00 2.3721783e+00
3.3129252e-01 1.7817769e+00 2.3873875e+00
3.3151927e-01 2.1563836e+00 2.4025994e+00
3.3174603e-01 2.4114636e+00 2.4178111e+00
3.3197279e-01 2.2945281e+00 2.4330196e+00
3.3219955e-01 1.8893979e+00 2.4482220e+00
3.3242630e-01 1.5607159e+00 2.4634154e+00
3.3265306e-01 1.6258180e+00 2.4785967e+00
3.3287982e-01 2.0491629e+00 2.4937630e+00
3.3310658e-01 2.4528658e+00 2.5089113e+00
3.3333333e-01 2.4538307e+00 2.5240385e+00
3.3356009e-01 2.0268740e+00 2.5391418e+00
3.3378685e-01 1.5500093e+00 2.5542181e+00
3.3401361e-01 1.4700868e+00 2.5692643e+00
3.3424036e-01 1.8842277e+00 2.5842776e+00
3.3446712e-01 2.4289866e+00 2.5992548e+00
3.3469388e-01 2.5987938e+00 2.6141929e+00
3.3492063e-01 2.2151611e+00 2.6290890e+00
3.3514739e-01 1.6111862e+00 2.6439400e+00
3.3537415e-01 1.3430991e+00 2.6587429e+00
3.3560091e-01 1.6778985e+00 2.6734947e+00
3.3582766e-01 2.3291307e+00 2.6881923e+00
3.3605442e-01 2.7008676e+00 2.7028328e+00
3.3628118e-01 2.4331772e+00 2.7174132e+00
3.3650794e-01 1.7496651e+00 2.7319303e+00
3.3673469e-01 1.2723320e+00 2.7463813e+00
3.3696145e-01 1.4553949e+00 2.7607631e+00
3.3718821e-01 2.1535777e+00 2.7750727e+00
3.3741497e-01 2.7347454e+00 2.7893072e+00
3.3764172e-01 2.6523626e+00 2.8034636e+00
3.3786848e-01 1.9592491e+00 2.8175388e+00
3.3809524e-01 1.2798739e+00 2.8315300e+00
3.3832200e-01 1.2476719e+00 2.8454342e+00
3.3854875e-01 1.9144465e+00 2.8592484e+00
3.3877551e-01 2.6825152e+00 2.8729698e+00
3.3900227e-01 2.8404279e+00 2.8865953e+00
3.3922902e-01 2.2221118e+00 2.9001221e+00
3.3945578e-01 1.3786300e+00 2.9135473e+00
3.3968254e-01 1.0872132e+00 2.9268680e+00
3.3990930e-01 1.6348397e+00 2.9400813e+00
3.4013605e-01 2.5369479e+00 2.9531845e+00
3.4036281e-01 2.9658743e+00 2.9661746e+00
3.4058957e-01 2.5105105e+00 2.9790488e+00
3.4081633e-01 1.5696722e+00 2.9918044e+00
3.4104308e-01 1.0033567e+00 3.0044385e+00
3.4126984e-01 1.3463181e+00 3.0169485e+00
3.4149660e-01 2.3034008e+00 3.0293315e+00
3.4172336e-01 3.0026548e+00 3.0415848e+00
3.4195011e-01 2.7900487e+00 3.0537057e+00
3.4217687e-01 1.8411669e+00 3.0656916e+00
3.4240363e-01 1.0178162e+00 3.0775398e+00
3.4263039e-01 1.0850037e+00 3.0892477e+00
3.4285714e-01 2.0000000e+00 3.1008125e+00
3.4308390e-01 2.9343036e+00 3.1122319e+00
3.4331066e-01 3.0240797e+00 3.1235032e+00
3.4353741e-01 2.1691069e+00 3.1346238e+00
3.4376417e-01 1.1410572e+00 3.1455913e+00
3.4399093e-01 8.8681827e-01 3.1564032e+00
3.4421769e-01 1.6560039e+00 3.1670570e+00
3.4444444e-01 2.7569147e+00 3.1775503e+00
3.4467120e-01 3.1786618e+00 3.1878807e+00
3.4489796e-01 2.5198126e+00 3.1980459e+00
3.4512472e-01 1.3700836e+00 3.2080435e+00
3.4535147e-01 7.8250730e-01 3.2178712e+00
3.4557823e-01 1.3085095e+00 3.2275268e+00
3.4580499e-01 2.4804969e+00 3.2370080e+00
3.4603175e-01 3.2273783e+00 3.2463126e+00
3.4625850e-01 2.8539150e+00 3.2554384e+00
3.4648526e-01 1.6880041e+00 3.2643834e+00
3.4671202e-01 7.9315076e-01 3.2731453e+00
3.4693878e-01 9.9790924e-01 3.2817222e+00
3.4716553e-01 2.1284537e+00 3.2901120e+00
3.4739229e-01 3.1553319e+00 3.2983127e+00
3.4761905e-01 3.1313084e+00 3.3063224e+00
3.4784580e-01 2.0655044e+00 3.3141392e+00
3.4807256e-01 9.2681192e-01 3.3217611e+00
3.4829932e-01 7.6269528e-01 3.3291864e+00
3.4852608e-01 1.7351949e+00 3.3364132e+00
3.4875283e-01 2.9617240e+00 3.3434398e+00
3.4897959e-01 3.3164106e+00 3.3502645e+00
3.4920635e-01 2.4640822e+00 3.3568856e+00
3.4943311e-01 1.1768326e+00 3.3633015e+00
3.4965986e-01 6.3431893e-01 3.3695105e+00
3.4988662e-01 1.3421563e+00 3.3755112e+00
3.5011338e-01 2.6606132e+00 3.3813019e+00
3.5034014e-01 3.3830034e+00 3.3868814e+00
3.5056689e-01 2.8406455e+00 3.3922481e+00
3.5079365e-01 1.5220608e+00 3.3974007e+00
3.5102041e-01 6.3282174e-01 3.4023378e+00
3.5124717e-01 9.9273368e-01 3.4070582e+00
3.5147392e-01 2.2796953e+00 3.4115606e+00
3.5170068e-01 3.3179719e+00 3.4158439e+00
3.5192744e-01 3.1528764e+00 3.4199069e+00
3.5215420e-01 1.9290320e+00 3.4237485e+00
3.5238095e-01 7.6386331e-01 3.4273677e+00
3.5260771e-01 7.2680393e-01 3.4307635e+00
3.5283447e-01 1.8572262e+00 3.4339348e+00
3.5306122e-01 3.1233988e+00 3.4368809e+00
3.5328798e-01 3.3646371e+00 3.4396009e+00
3.5351474e-01 2.3558474e+00 3.4420940e+00
3.5374150e-01 1.0175862e+00 3.4443593e+00
3.5396825e-01 5.7557769e-01 3.4463963e+00
3.5419501e-01 1.4374671e+00 3.4482043e+00
3.5442177e-01 2.8166916e+00 3.4497826e+00
3.5464853e-01 3.4506797e+00 3.4511307e+00
3.5487528e-01 2.7572533e+00 3.4522482e+00
3.5510204e-01 1.3695086e+00 3.4531345e+00
3.5532880e-01 5.5749325e-01 3.4537893e+00
3.5555556e-01 1.0652504e+00 3.4542122e+00
3.5578231e-01 2.4286928e+00 3.4544030e+00
3.5600907e-01 3.4000035e+00 3.4543614e+00
3.5623583e-01 3.0902473e+00 3.4540872e+00
3.5646259e-01 1.7833551e+00 3.4535803e+00
3.5668934e-01 6.7572732e-01 3.4528406e+00
3.5691610e-01 7.8039322e-01 3.4518680e+00
3.5714286e-01 2.0000000e+00 3.4506627e+00
3.5736961e-01 3.2173863e+00 3.4492246e+00
3.5759637e-01 3.3194539e+00 3.4475540e+00
3.5782313e-01 2.2154631e+00 3.4456509e+00
3.5804989e-01 9.1767905e-01 3.4435157e+00
3.5827664e-01 6.1271538e-01 3.4411486e+00
3.5850340e-01 1.5759799e+00 3.4385500e+00
3.5873016e-01 2.9228632e+00 3.4357203e+00
3.5895692e-01 3.4215413e+00 3.4326599e+00
3.5918367e-01 2.6201801e+00 3.4293693e+00
3.5941043e-01 1.2565120e+00 3.4258492e+00
3.5963719e-01 5.7834198e-01 3.4221000e+00
3.5986395e-01 1.2011431e+00 3.4181226e+00
3.6009070e-01 2.5492148e+00 3.4139175e+00
3.6031746e-01 3.3880724e+00 3.4094856e+00
3.6054422e-01 2.9555256e+00 3.4048278e+00
3.6077098e-01 1.6545533e+00 3.3999448e+00
3.6099773e-01 6.7779519e-01 3.3948377e+00
3.6122449e-01 9.1363936e-01 3.3895074e+00
3.6145125e-01 2.1377974e+00 3.3839550e+00
3.6167800e-01 3.2264049e+00 3.3781815e+00
3.6190476e-01 3.1883498e+00 3.3721882e+00
3.6213152e-01 2.0680883e+00 3.3659761e+00
3.6235828e-01 8.9613237e-01 3.3595467e+00
3.6258503e-01 7.4061987e-01 3.3529011e+00
3.6281179e-01 1.7332872e+00 3.3460408e+00
3.6303855e-01 2.9585221e+00 3.3389671e+00
3.6326531e-01 3.2982935e+00 3.3316815e+00
3.6349206e-01 2.4528981e+00 3.3241856e+00
3.6371882e-01 1.2051031e+00 3.3164808e+00
3.6394558e-01 6.9509013e-01 3.3085689e+00
3.6417234e-01 1.3780539e+00 3.3004514e+00
3.6439909e-01 2.6179664e+00 3.2921302e+00
3.6462585e-01 3.2800177e+00 3.2836069e+00
3.6485261e-01 2.7697802e+00 3.2748834e+00
3.6507937e-01 1.5670156e+00 3.2659616e+00
3.6530612e-01 7.7466838e-01 3.2568433e+00
3.6553288e-01 1.1069342e+00 3.2475306e+00
3.6575964e-01 2.2453100e+00 3.2380254e+00
3.6598639e-01 3.1434200e+00 3.2283298e+00
3.6621315e-01 2.9893026e+00 3.2184460e+00
3.6643991e-01 1.9397674e+00 3.2083761e+00
3.6666667e-01 9.6239574e-01 3.1981222e+00
3.6689342e-01 9.4311112e-01 3.1876867e+00
3.6712018e-01 1.8828015e+00 3.1770718e+00
3.6734694e-01 2.9118343e+00 3.1662799e+00
3.6757370e-01 3.0951531e+00 3.1553133e+00
3.6780045e-01 2.2823335e+00 3.1441745e+00
3.6802721e-01 1.2294554e+00 3.1328661e+00
3.6825397e-01 8.9564608e-01 3.1213904e+00
3.6848073e-01 1.5689345e+00 3.1097500e+00
3.6870748e-01 2.6184959e+00 3.0979476e+00
3.6893424e-01 3.0856483e+00 3.0859858e+00
3.6916100e-01 2.5599522e+00 3.0738673e+00
3.6938776e-01 1.5393913e+00 3.0615949e+00
3.6961451e-01 9.5897124e-01 3.0491712e+00
3.6984127e-01 1.3336870e+00 3.0365991e+00
3.7006803e-01 2.3017943e+00 3.0238814e+00
3.7029478e-01 2.9732334e+00 3.0110211e+00
3.7052154e-01 2.7482974e+00 2.9980210e+00
3.7074830e-01 1.8532106e+00 2.9848842e+00
3.7097506e-01 1.1143686e+00 2.9716135e+00
3.7120181e-01 1.1950770e+00 2.9582121e+00
3.7142857e-01 2.0000000e+00 2.9446830e+00
3.7165533e-01 2.7820888e+00 2.9310294e+00
3.7188209e-01 2.8360826e+00 2.9172542e+00
3.7210884e-01 2.1346389e+00 2.9033609e+00
3.7233560e-01 1.3331803e+00 2.8893524e+00
3.7256236e-01 1.1574804e+00 2.8752321e+00
3.7278912e-01 1.7462148e+00 2.8610032e+00
3.7301587e-01 2.5442284e+00 2.8466691e+00
3.7324263e-01 2.8257742e+00 2.8322330e+00
3.7346939e-01 2.3547860e+00 2.8176983e+00
3.7369615e-01 1.5812519e+00 2.8030684e+00
3.7392290e-01 1.2118984e+00 2.7883466e+00
3.7414966e-01 1.5642514e+00 2.7735365e+00
3.7437642e-01 2.2946828e+00 2.7586415e+00
3.7460317e-01 2.7323672e+00 2.7436651e+00
3.7482993e-01 2.4955812e+00 2.7286108e+00
3.7505669e-01 1.8239430e+00 2.7134821e+00
3.7528345e-01 1.3380789e+00 2.6982825e+00
3.7551020e-01 1.4659968e+00 2.6830158e+00
3.7573696e-01 2.0664800e+00 2.6676854e+00
3.7596372e-01 2.5804589e+00 2.6522949e+00
3.7619048e-01 2.5515267e+00 2.6368481e+00
3.7641723e-01 2.0309717e+00 2.6213486e+00
3.7664399e-01 1.5081280e+00 2.6058000e+00
3.7687075e-01 1.4505927e+00 2.5902061e+00
3.7709751e-01 1.8861511e+00 2.5745705e+00
3.7732426e-01 2.4000958e+00 2.5588969e+00
3.7755102e-01 2.5295703e+00 2.5431892e+00
3.7777778e-01 2.1803989e+00 2.5274510e+00
3.7800454e-01 1.6910416e+00 2.5116862e+00
3.7823129e-01 1.5054882e+00 2.4958984e+00
3.7845805e-01 1.7703943e+00 2.4800915e+00
3.7868481e-01 2.2220387e+00 2.4642693e+00
3.7891156e-01 2.4471817e+00 2.4484356e+00
3.7913832e-01 2.2612022e+00 2.4325941e+00
3.7936508e-01 1.8574635e+00 2.4167488e+00
3.7959184e-01 1.6091482e+00 2.4009033e+00
3.7981859e-01 1.7243472e+00 2.3850616e+00
3.8004535e-01 2.0731610e+00 2.3692275e+00
3.8027211e-01 2.3289753e+00 2.3534048e+00
3.8049887e-01 2.2741081e+00 2.3375974e+00
3.8072562e-01 1.9839591e+00 2.3218090e+00
3.8095238e-01 1.7349585e+00 2.3060436e+00
3.8117914e-01 1.7416658e+00 2.2903049e+00
3.8140590e-01 1.9726590e+00 2.2745969e+00
3.8163265e-01 2.2024344e+00 2.2589233e+00
3.8185941e-01 2.2306194e+00 2.2432880e+00
3.8208617e-01 2.0561854e+00 2.2276948e+00
3.8231293e-01 1.8557030e+00 2.2121476e+00
3.8253968e-01 1.8063375e+00 2.1966501e+00
3.8276644e-01 1.9296132e+00 2.1812061e+00
3.8299320e-01 2.0934095e+00 2.1658195e+00
3.8321995e-01 2.1504473e+00 2.1504941e+00
3.8344671e-01 2.0705156e+00 2.1352336e+00
3.8367347e-01 1.9479158e+00 2.1200419e+00
3.8390023e-01 1.8958917e+00 2.1049226e+00
3.8412698e-01 1.9422266e+00 2.0898795e+00
3.8435374e-01 2.0220820e+00 2.0749164e+00
3.8458050e-01 2.0577931e+00 2.0600370e+00
3.8480726e-01 2.0339238e+00 2.0452450e+00
3.8503401e-01 1.9954477e+00 2.0305440e+00
3.8526077e-01 1.9854726e+00 2.0159378e+00
3.8548753e-01 1.9987987e+00 2.0014300e+00
3.8571429e-01 2.0000000e+00 2.0129757e+00
3.8594104e-01 1.9770877e+00 2.0272757e+00
3.8616780e-01 1.9622030e+00 2.0414666e+00
3.8639456e-01 1.9917215e+00 2.0555445e+00
3.8662132e-01 2.0521144e+00 2.0695061e+00
3.8684807e-01 2.0802326e+00 2.0833478e+00
3.8707483e-01 2.0286107e+00 2.0970660e+00
3.8730159e-01 1.9288708e+00 2.1106574e+00
3.8752834e-01 1.8768448e+00 2.1241184e+00
3.8775510e-01 1.9403646e+00 2.1374457e+00
3.8798186e-01 2.0785468e+00 2.1506357e+00
3.8820862e-01 2.1636344e+00 2.1636852e+00
3.8843537e-01 2.0994772e+00 2.1765909e+00
3.8866213e-01 1.9264501e+00 2.1893493e+00
3.8888889e-01 1.8011109e+00 2.2019573e+00
3.8911565e-01 1.8541631e+00 2.2144115e+00
3.8934240e-01 2.0559421e+00 2.2267089e+00
3.8956916e-01 2.2264087e+00 2.2388461e+00
3.8979592e-01 2.1960990e+00 2.2508200e+00
3.9002268e-01 1.9738507e+00 2.2626276e+00
3.9024943e-01 1.7559386e+00 2.2742658e+00
3.9047619e-01 1.7525493e+00 2.2857315e+00
3.9070295e-01 1.9851947e+00 2.2970217e+00
3.9092971e-01 2.2501852e+00 2.3081334e+00
3.9115646e-01 2.2970081e+00 2.3190638e+00
3.9138322e-01 2.0653506e+00 2.3298100e+00
3.9160998e-01 1.7563411e+00 2.3403690e+00
3.9183673e-01 1.6580555e+00 2.3507382e+00
3.9206349e-01 1.8765599e+00 2.3609148e+00
3.9229025e-01 2.2239486e+00 2.3708960e+00
3.9251701e-01 2.3796147e+00 2.3806791e+00
3.9274376e-01 2.1866442e+00 2.3902616e+00
3.9297052e-01 1.8088702e+00 2.3996409e+00
3.9319728e-01 1.5923287e+00 2.4088144e+00
3.9342404e-01 1.7477428e+00 2.4177796e+00
3.9365079e-01 2.1458833e+00 2.4265341e+00
3.9387755e-01 2.4241673e+00 2.4350756e+00
3.9410431e-01 2.3174165e+00 2.4434015e+00
3.9433107e-01 1.9105351e+00 2.4515097e+00
3.9455782e-01 1.5723585e+00 2.4593980e+00
3.9478458e-01 1.6207730e+00 2.4670640e+00
3.9501134e-01 2.0236522e+00 2.4745057e+00
3.9523810e-01 2.4171826e+00 2.4817209e+00
3.9546485e-01 2.4348872e+00 2.4887077e+00
3.9569161e-01 2.0493323e+00 2.4954640e+00
3.9591837e-01 1.6075301e+00 2.5019878e+00
3.9614512e-01 1.5181900e+00 2.5082774e+00
3.9637188e-01 1.8730851e+00 2.5143308e+00
3.9659864e-01 2.3537893e+00 2.5201463e+00
3.9682540e-01 2.5177353e+00 2.5257222e+00
3.9705215e-01 2.2062809e+00 2.5310567e+00
3.9727891e-01 1.6979769e+00 2.5361484e+00
3.9750567e-01 1.4591726e+00 2.5409956e+00
3.9773243e-01 1.7155066e+00 2.5455968e+00
3.9795918e-01 2.2386146e+00 2.5499505e+00
3.9818594e-01 2.5497556e+00 2.5540555e+00
3.9841270e-01 2.3586179e+00 2.5579104e+00
3.9863946e-01 1.8344909e+00 2.5615139e+00
3.9886621e-01 1.4562475e+00 2.5648648e+00
3.9909297e-01 1.5741528e+00 2.5679619e+00
3.9931973e-01 2.0850740e+00 2.5708042e+00
3.9954649e-01 2.5226490e+00 2.5733907e+00
3.9977324e-01 2.4836200e+00 2.5757203e+00
4.0000000e-01 2.0000000e+00 2.5777922e+00
4.0022676e-01 1.5131164e+00 2.5796054e+00
4.0045351e-01 1.4702699e+00 2.5811593e+00
4.0068027e-01 1.9131899e+00 2.5824531e+00
4.0090703e-01 2.4374869e+00 2.5834861e+00
4.0113379e-01 2.5624206e+00 2.5842577e+00
4.0136054e-01 2.1723632e+00 2.5847674e+00
4.0158730e-01 1.6239598e+00 2.5850147e+00
4.0181406e-01 1.4195409e+00 2.5849992e+00
4.0204082e-01 1.7462993e+00 2.5847205e+00
4.0226757e-01 2.3046111e+00 2.5841783e+00
4.0249433e-01 2.5831911e+00 2.5833725e+00
4.0272109e-01 2.3280228e+00 2.5823027e+00
4.0294785e-01 1.7743314e+00 2.5809690e+00
4.0317460e-01 1.4294306e+00 2.5793713e+00
4.0340136e-01 1.6071937e+00 2.5775096e+00
4.0362812e-01 2.1419803e+00 2.5753840e+00
4.0385488e-01 2.5431573e+00 2.5729947e+00
4.0408163e-01 2.4459111e+00 2.5703418e+00
4.0430839e-01 1.9435027e+00 2.5674256e+00
4.0453515e-01 1.4978930e+00 2.5642465e+00
4.0476190e-01 1.5143288e+00 2.5608048e+00
4.0498866e-01 1.9722308e+00 2.5571011e+00
4.0521542e-01 2.4491120e+00 2.5531358e+00
4.0544218e-01 2.5109655e+00 2.5489095e+00
4.0566893e-01 2.1078753e+00 2.5444230e+00
4.0589569e-01 1.6136633e+00 2.5396768e+00
4.0612245e-01 1.4787335e+00 2.5346718e+00
4.0634921e-01 1.8189315e+00 2.5294089e+00
4.0657596e-01 2.3163264e+00 2.5238888e+00
4.0680272e-01 2.5166639e+00 2.5181127e+00
4.0702948e-01 2.2449050e+00 2.5120814e+00
4.0725624e-01 1.7581010e+00 2.5057962e+00
4.0748299e-01 1.5021380e+00 2.4992581e+00
4.0770975e-01 1.7026455e+00 2.4924683e+00
4.0793651e-01 2.1660262e+00 2.4854282e+00
4.0816327e-01 2.4661511e+00 2.4781390e+00
4.0839002e-01 2.3368885e+00 2.4706022e+00
4.0861678e-01 1.9082942e+00 2.4628192e+00
4.0884354e-01 1.5766466e+00 2.4547914e+00
4.0907029e-01 1.6374529e+00 2.4465206e+00
4.0929705e-01 2.0218329e+00 2.4380083e+00
4.0952381e-01 2.3717468e+00 2.4292562e+00
4.0975057e-01 2.3739829e+00 2.4202660e+00
4.0997732e-01 2.0409263e+00 2.4110396e+00
4.1020408e-01 1.6860330e+00 2.4015789e+00
4.1043084e-01 1.6285209e+00 2.3918856e+00
4.1065760e-01 1.9057481e+00 2.3819619e+00
4.1088435e-01 2.2528949e+00 2.3718098e+00
4.1111111e-01 2.3559403e+00 2.3614313e+00
4.1133787e-01 2.1362740e+00 2.3508286e+00
4.1156463e-01 1.8084690e+00 2.3400038e+00
4.1179138e-01 1.6711429e+00 2.3289594e+00
4.1201814e-01 1.8343413e+00 2.3176975e+00
4.1224490e-01 2.1328641e+00 2.3062205e+00
4.1247166e-01 2.2922451e+00 2.2945309e+00
4.1269841e-01 2.1816717e+00 2.2826310e+00
4.1292517e-01 1.9202618e+00 2.2705235e+00
4.1315193e-01 1.7514399e+00 2.2582109e+00
4.1337868e-01 1.8157819e+00 2.2456959e+00
4.1360544e-01 2.0347240e+00 2.2329810e+00
4.1383220e-01 2.2005942e+00 2.2200690e+00
4.1405896e-01 2.1738541e+00 2.2069627e+00
4.1428571e-01 2.0000000e+00 2.1936650e+00
4.1451247e-01 1.8486453e+00 2.1801786e+00
4.1473923e-01 1.8482284e+00 2.1665065e+00
4.1496599e-01 1.9772485e+00 2.1526516e+00
4.1519274e-01 2.1039324e+00 2.1386170e+00
4.1541950e-01 2.1197559e+00 2.1244057e+00
4.1564626e-01 2.0324292e+00 2.1100207e+00
4.1587302e-01 1.9386361e+00 2.0954653e+00
4.1609977e-01 1.9198840e+00 2.0807426e+00
4.1632653e-01 1.9714262e+00 2.0658559e+00
4.1655329e-01 2.0264932e+00 2.0508083e+00
4.1678005e-01 2.0355922e+00 2.0356032e+00
4.1700680e-01 2.0114038e+00 2.0202440e+00
4.1723356e-01 1.9981612e+00 2.0047339e+00
4.1746032e-01 2.0107575e+00 2.0109235e+00
4.1768707e-01 2.0181775e+00 2.0267248e+00
4.1791383e-01 1.9894717e+00 2.0426665e+00
4.1814059e-01 1.9443139e+00 2.0587451e+00
4.1836735e-01 1.9413962e+00 2.0749571e+00
4.1859410e-01 2.0090904e+00 2.0912987e+00
4.1882086e-01 2.0958984e+00 2.1077665e+00
4.1904762e-01 2.1076961e+00 2.1243568e+00
4.1927438e-01 2.0070315e+00 2.1410657e+00
4.1950113e-01 1.8718033e+00 2.1578898e+00
4.1972789e-01 1.8372599e+00 2.1748251e+00
4.1995465e-01 1.9619821e+00 2.1918679e+00
4.2018141e-01 2.1496265e+00 2.2090144e+00
4.2040816e-01 2.2205879e+00 2.2262607e+00
4.2063492e-01 2.0833172e+00 2.2436031e+00
4.2086168e-01 1.8423844e+00 2.2610376e+00
4.2108844e-01 1.7222186e+00 2.2785603e+00
4.2131519e-01 1.8583568e+00 2.2961672e+00
4.2154195e-01 2.1501022e+00 2.3138545e+00
4.2176871e-01 2.3306909e+00 2.3316182e+00
4.2199546e-01 2.2110020e+00 2.3494542e+00
4.2222222e-01 1.8743560e+00 2.3673585e+00
4.2244898e-01 1.6243338e+00 2.3853272e+00
4.2267574e-01 1.7112508e+00 2.4033561e+00
4.2290249e-01 2.0835069e+00 2.4214412e+00
4.2312925e-01 2.4091920e+00 2.4395784e+00
4.2335601e-01 2.3716757e+00 2.4577637e+00
4.2358277e-01 1.9762737e+00 2.4759929e+00
4.2380952e-01 1.5719567e+00 2.4942619e+00
4.2403628e-01 1.5438815e+00 2.5125665e+00
4.2426304e-01 1.9471392e+00 2.5309027e+00
4.2448980e-01 2.4294336e+00 2.5492662e+00
4.2471655e-01 2.5380938e+00 2.5676530e+00
4.2494331e-01 2.1446144e+00 2.5860588e+00
4.2517007e-01 1.5888495e+00 2.6044795e+00
4.2539683e-01 1.3865525e+00 2.6229110e+00
4.2562358e-01 1.7508778e+00 2.6413489e+00
4.2585034e-01 2.3716725e+00 2.6597892e+00
4.2607710e-01 2.6780168e+00 2.6782276e+00
4.2630385e-01 2.3632631e+00 2.6966600e+00
4.2653061e-01 1.6897375e+00 2.7150822e+00
4.2675737e-01 1.2722025e+00 2.7334900e+00
4.2698413e-01 1.5167014e+00 2.7518792e+00
4.2721088e-01 2.2270339e+00 2.7702456e+00
4.2743764e-01 2.7591111e+00 2.7885851e+00
4.2766440e-01 2.6049936e+00 2.8068935e+00
4.2789116e-01 1.8770153e+00 2.8251665e+00
4.2811791e-01 1.2312358e+00 2.8434002e+00
4.2834467e-01 1.2762419e+00 2.8615902e+00
4.2857143e-01 2.0000000e+00 2.8797325e+00
4.2879819e-01 2.7541945e+00 2.8978229e+00
4.2902494e-01 2.8348093e+00 2.9158573e+00
4.2925170e-01 2.1391804e+00 2.9338317e+00
4.2947846e-01 1.2864019e+00 2.9517418e+00
4.2970522e-01 1.0666553e+00 2.9695836e+00
4.2993197e-01 1.7089725e+00 2.9873532e+00
4.3015873e-01 2.6460313e+00 3.0050463e+00
4.3038549e-01 3.0147223e+00 3.0226590e+00
4.3061224e-01 2.4513203e+00 3.0401872e+00
4.3083900e-01 1.4485160e+00 3.0576270e+00
4.3106576e-01 9.2535970e-01 3.0749744e+00
4.3129252e-01 1.3847275e+00 3.0922254e+00
4.3151927e-01 2.4309203e+00 3.1093762e+00
4.3174603e-01 3.1093098e+00 3.1264227e+00
4.3197279e-01 2.7776830e+00 3.1433611e+00
4.3219955e-01 1.7137151e+00 3.1601875e+00
4.3242630e-01 8.8438603e-01 3.1768982e+00
4.3265306e-01 1.0668925e+00 3.1934892e+00
4.3287982e-01 2.1204728e+00 3.2099569e+00
4.3310658e-01 3.0912475e+00 3.2262974e+00
4.3333333e-01 3.0760427e+00 3.2425071e+00
4.3356009e-01 2.0627351e+00 3.2585821e+00
4.3378685e-01 9.6516957e-01 3.2745190e+00
4.3401361e-01 7.9888053e-01 3.2903140e+00
4.3424036e-01 1.7412283e+00 3.3059636e+00
4.3446712e-01 2.9459924e+00 3.3214642e+00
4.3469388e-01 3.3032956e+00 3.3368122e+00
4.3492063e-01 2.4624127e+00 3.3520042e+00
4.3514739e-01 1.1745772e+00 3.3670367e+00
4.3537415e-01 6.2195774e-01 3.3819064e+00
4.3560091e-01 1.3320659e+00 3.3966097e+00
4.3582766e-01 2.6748849e+00 3.4111434e+00
4.3605442e-01 3.4215182e+00 3.4255042e+00
4.3628118e-01 2.8692904e+00 3.4396887e+00
4.3650794e-01 1.5028074e+00 3.4536939e+00
4.3673469e-01 5.6927720e-01 3.4675165e+00
4.3696145e-01 9.3969140e-01 3.4811534e+00
4.3718821e-01 2.2961495e+00 3.4946014e+00
4.3741497e-01 3.4036251e+00 3.5078576e+00
4.3764172e-01 3.2348919e+00 3.5209190e+00
4.3786848e-01 1.9235473e+00 3.5337825e+00
4.3809524e-01 6.6073911e-01 3.5464453e+00
4.3832200e-01 6.1277486e-01 3.5589045e+00
4.3854875e-01 1.8435633e+00 3.5711573e+00
4.3877551e-01 3.2377963e+00 3.5832009e+00
4.3900227e-01 3.5119751e+00 3.5950327e+00
4.3922902e-01 2.3964527e+00 3.6066499e+00
4.3945578e-01 8.9944653e-01 3.6180500e+00
4.3968254e-01 3.9552137e-01 3.6292303e+00
4.3990930e-01 1.3628938e+00 3.6401884e+00
4.4013605e-01 2.9299974e+00 3.6509218e+00
4.4036281e-01 3.6609117e+00 3.6614281e+00
4.4058957e-01 2.8716858e+00 3.6717049e+00
4.4081633e-01 1.2703160e+00 3.6817500e+00
4.4104308e-01 3.2156674e-01 3.6915611e+00
4.4126984e-01 9.0653084e-01 3.7011360e+00
4.4149660e-01 2.5041707e+00 3.7104726e+00
4.4172336e-01 3.6552986e+00 3.7195688e+00
4.4195011e-01 3.2959388e+00 3.7284226e+00
4.4217687e-01 1.7411088e+00 3.7370320e+00
4.4240363e-01 4.0906210e-01 3.7453952e+00
4.4263039e-01 5.2700601e-01 3.7535102e+00
4.4285714e-01 2.0000000e+00 3.7613752e+00
4.4308390e-01 3.4859964e+00 3.7689887e+00
4.4331066e-01 3.6191524e+00 3.7763488e+00
4.4353741e-01 2.2658100e+00 3.7834541e+00
4.4376417e-01 6.5766461e-01 3.7903028e+00
4.4399093e-01 2.7026666e-01 3.7968936e+00
4.4421769e-01 1.4684901e+00 3.8032250e+00
4.4444444e-01 3.1629928e+00 3.8092956e+00
4.4467120e-01 3.8010176e+00 3.8151042e+00
4.4489796e-01 2.7899502e+00 3.8206495e+00
4.4512472e-01 1.0478956e+00 3.8259303e+00
4.4535147e-01 1.6962355e-01 3.8309455e+00
4.4557823e-01 9.6591670e-01 3.8356941e+00
4.4580499e-01 2.7147880e+00 3.8401750e+00
4.4603175e-01 3.8163669e+00 3.8443873e+00
4.4625850e-01 3.2571838e+00 3.8483302e+00
4.4648526e-01 1.5430046e+00 3.8520028e+00
4.4671202e-01 2.4121142e-01 3.8554044e+00
4.4693878e-01 5.4693932e-01 3.8585344e+00
4.4716553e-01 2.1853348e+00 3.8613921e+00
4.4739229e-01 3.6587005e+00 3.8639769e+00
4.4761905e-01 3.6162532e+00 3.8662884e+00
4.4784580e-01 2.0931284e+00 3.8683262e+00
4.4807256e-01 4.8160289e-01 3.8700900e+00
4.4829932e-01 2.5779597e-01 3.8715793e+00
4.4852608e-01 1.6289131e+00 3.8727940e+00
4.4875283e-01 3.3413440e+00 3.8737340e+00
4.4897959e-01 3.8274040e+00 3.8743991e+00
4.4920635e-01 2.6412157e+00 3.8747892e+00
4.4943311e-01 8.6792436e-01 3.8749045e+00
4.4965986e-01 1.3049709e-01 3.8747451e+00
4.4988662e-01 1.1036033e+00 3.8743110e+00
4.5011338e-01 2.8960579e+00 3.8736025e+00
4.5034014e-01 3.8673837e+00 3.8726199e+00
4.5056689e-01 3.1299376e+00 3.8713636e+00
4.5079365e-01 1.3604792e+00 3.8698339e+00
4.5102041e-01 1.7880415e-01 3.8680313e+00
4.5124717e-01 6.6422366e-01 3.8659564e+00
4.5147392e-01 2.3692671e+00 3.8636098e+00
4.5170068e-01 3.7323487e+00 3.8609921e+00
4.5192744e-01 3.5086654e+00 3.8581042e+00
4.5215420e-01 1.9075385e+00 3.8549467e+00
4.5238095e-01 3.9653622e-01 3.8515205e+00
4.5260771e-01 3.5567124e-01 3.8478266e+00
4.5283447e-01 1.8164102e+00 3.8438659e+00
4.5306122e-01 3.4382880e+00 3.8396394e+00
4.5328798e-01 3.7395874e+00 3.8351484e+00
4.5351474e-01 2.4516632e+00 3.8303939e+00
4.5374150e-01 7.5842823e-01 3.8253772e+00
4.5396825e-01 2.0755194e-01 3.8200995e+00
4.5419501e-01 1.2951609e+00 3.8145622e+00
4.5442177e-01 3.0189146e+00 3.8087667e+00
4.5464853e-01 3.8021541e+00 3.8027145e+00
4.5487528e-01 2.9367099e+00 3.7964070e+00
4.5510204e-01 1.2234149e+00 3.7898460e+00
4.5532880e-01 2.3080483e-01 3.7830329e+00
4.5555556e-01 8.5842876e-01 3.7759696e+00
4.5578231e-01 2.5213210e+00 3.7686577e+00
4.5600907e-01 3.6952767e+00 3.7610991e+00
4.5623583e-01 3.3145881e+00 3.7532956e+00
4.5646259e-01 1.7398841e+00 3.7452492e+00
4.5668934e-01 4.1674907e-01 3.7369619e+00
4.5691610e-01 5.4806928e-01 3.7284356e+00
4.5714286e-01 2.0000000e+00 3.7196725e+00
4.5736961e-01 3.4370111e+00 3.7106747e+00
4.5759637e-01 3.5508765e+00 3.7014443e+00
4.5782313e-01 2.2521771e+00 3.6919837e+00
4.5804989e-01 7.3864670e-01 3.6822952e+00
4.5827664e-01 3.9012551e-01 3.6723810e+00
4.5850340e-01 1.5100451e+00 3.6622436e+00
4.5873016e-01 3.0618115e+00 3.6518854e+00
4.5895692e-01 3.6285711e+00 3.6413089e+00
4.5918367e-01 2.7074547e+00 3.6305167e+00
4.5941043e-01 1.1555298e+00 3.6195114e+00
4.5963719e-01 3.9220439e-01 3.6082955e+00
4.5986395e-01 1.1004501e+00 3.5968718e+00
4.6009070e-01 2.6157636e+00 3.5852431e+00
4.6031746e-01 3.5495083e+00 3.5734120e+00
4.6054422e-01 3.0620091e+00 3.5613814e+00
4.6077098e-01 1.6177347e+00 3.5491542e+00
4.6099773e-01 5.4328847e-01 3.5367333e+00
4.6122449e-01 8.0839373e-01 3.5241216e+00
4.6145125e-01 2.1504791e+00 3.5113222e+00
4.6167800e-01 3.3333287e+00 3.4983379e+00
4.6190476e-01 3.2861967e+00 3.4851720e+00
4.6213152e-01 2.0733645e+00 3.4718276e+00
4.6235828e-01 8.1594459e-01 3.4583077e+00
4.6258503e-01 6.5524536e-01 3.4446155e+00
4.6281179e-01 1.7165016e+00 3.4307543e+00
4.6303855e-01 3.0141882e+00 3.4167274e+00
4.6326531e-01 3.3673734e+00 3.4025379e+00
4.6349206e-01 2.4747887e+00 3.3881893e+00
4.6371882e-01 1.1705630e+00 3.3736850e+00
4.6394558e-01 6.4477197e-01 3.3590281e+00
4.6417234e-01 1.3571203e+00 3.3442223e+00
4.6439909e-01 2.6357291e+00 3.3292710e+00
4.6462585e-01 3.3105029e+00 3.3141776e+00
4.6485261e-01 2.7843091e+00 3.2989456e+00
4.6507937e-01 1.5609903e+00 3.2835786e+00
4.6530612e-01 7.6371326e-01 3.2680802e+00
4.6553288e-01 1.1034098e+00 3.2524538e+00
4.6575964e-01 2.2450480e+00 3.2367032e+00
4.6598639e-01 3.1364404e+00 3.2208320e+00
4.6621315e-01 2.9782585e+00 3.2048438e+00
4.6643991e-01 1.9407461e+00 3.1887423e+00
4.6666667e-01 9.8455820e-01 3.1725312e+00
4.6689342e-01 9.7111754e-01 3.1562142e+00
4.6712018e-01 1.8865131e+00 3.1397952e+00
4.6734694e-01 2.8782139e+00 3.1232777e+00
4.6757370e-01 3.0490386e+00 3.1066657e+00
4.6780045e-01 2.2689564e+00 3.0899628e+00
4.6802721e-01 1.2700570e+00 3.0731730e+00
4.6825397e-01 9.5974763e-01 3.0562999e+00
4.6848073e-01 1.5962812e+00 3.0393476e+00
4.6870748e-01 2.5758932e+00 3.0223197e+00
4.6893424e-01 3.0049078e+00 3.0052202e+00
4.6916100e-01 2.5152056e+00 2.9880530e+00
4.6938776e-01 1.5787762e+00 2.9708218e+00
4.6961451e-01 1.0538695e+00 2.9535307e+00
4.6984127e-01 1.3982329e+00 2.9361834e+00
4.7006803e-01 2.2708163e+00 2.9187839e+00
4.7029478e-01 2.8676480e+00 2.9013362e+00
4.7052154e-01 2.6626896e+00 2.8838440e+00
4.7074830e-01 1.8708830e+00 2.8663113e+00
4.7097506e-01 1.2263666e+00 2.8487421e+00
4.7120181e-01 1.3018207e+00 2.8311402e+00
4.7142857e-01 2.0000000e+00 2.8135096e+00
4.7165533e-01 2.6685381e+00 2.7958541e+00
4.7188209e-01 2.7093136e+00 2.7781778e+00
4.7210884e-01 2.1133443e+00 2.7604844e+00
4.7233560e-01 1.4430790e+00 2.7427780e+00
4.7256236e-01 1.3020374e+00 2.7250624e+00
4.7278912e-01 1.7915074e+00 2.7073415e+00
4.7301587e-01 2.4432787e+00 2.6896192e+00
4.7324263e-01 2.6666849e+00 2.6718994e+00
4.7346939e-01 2.2838407e+00 2.6541860e+00
4.7369615e-01 1.6681155e+00 2.6364828e+00
4.7392290e-01 1.3813986e+00 2.6187937e+00
4.7414966e-01 1.6613756e+00 2.6011226e+00
4.7437642e-01 2.2266413e+00 2.5834732e+00
4.7460317e-01 2.5572528e+00 2.5658494e+00
4.7482993e-01 2.3729081e+00 2.5482550e+00
4.7505669e-01 1.8690486e+00 2.5306913e+00
4.7528345e-01 1.5138142e+00 2.5130315e+00
4.7551020e-01 1.6131852e+00 2.4952201e+00
4.7573696e-01 2.0474262e+00 2.4772824e+00
4.7596372e-01 2.4072384e+00 2.4592437e+00
4.7619048e-01 2.3799721e+00 2.4411290e+00
4.7641723e-01 2.0209212e+00 2.4229633e+00
4.7664399e-01 1.6747555e+00 2.4047716e+00
4.7687075e-01 1.6449833e+00 2.3865784e+00
4.7709751e-01 1.9282372e+00 2.3684083e+00
4.7732426e-01 2.2455406e+00 2.3502852e+00
4.7755102e-01 2.3157830e+00 2.3322331e+00
4.7777778e-01 2.1042938e+00 2.3142754e+00
4.7800454e-01 1.8272321e+00 2.2964350e+00
4.7823129e-01 1.7332097e+00 2.2787346e+00
4.7845805e-01 1.8808224e+00 2.2611963e+00
4.7868481e-01 2.1105412e+00 2.2438416e+00
4.7891156e-01 2.2128039e+00 2.2266917e+00
4.7913832e-01 2.1183608e+00 2.2097669e+00
4.7936508e-01 1.9387642e+00 2.1930870e+00
4.7959184e-01 1.8415930e+00 2.1766714e+00
4.7981859e-01 1.8952172e+00 2.1605384e+00
4.8004535e-01 2.0259060e+00 2.1447059e+00
4.8027211e-01 2.1076230e+00 2.1291909e+00
4.8049887e-01 2.0820170e+00 2.1140098e+00
4.8072562e-01 1.9956655e+00 2.0991781e+00
4.8095238e-01 1.9363762e+00 2.0847106e+00
4.8117914e-01 1.9461153e+00 2.0706211e+00
4.8140590e-01 1.9951976e+00 2.0569228e+00
4.8163265e-01 2.0285472e+00 2.0436278e+00
4.8185941e-01 2.0240824e+00 2.0307476e+00
4.8208617e-01 2.0036802e+00 2.0182926e+00
4.8231293e-01 1.9965694e+00 2.0062724e+00
4.8253968e-01 2.0041408e+00 2.0053044e+00
4.8276644e-01 2.0049843e+00 2.0164299e+00
4.8299320e-01 1.9882602e+00 2.0270973e+00
4.8321995e-01 1.9717735e+00 2.0373006e+00
4.8344671e-01 1.9817375e+00 2.0470348e+00
4.8367347e-01 2.0178821e+00 2.0562959e+00
4.8390023e-01 2.0464537e+00 2.0650806e+00
4.8412698e-01 2.0333256e+00 2.0733867e+00
4.8435374e-01 1.9834015e+00 2.0812127e+00
4.8458050e-01 1.9420165e+00 2.0885584e+00
4.8480726e-01 1.9522926e+00 2.0954239e+00
4.8503401e-01 2.0099131e+00 2.1018108e+00
4.8526077e-01 2.0628066e+00 2.1077212e+00
4.8548753e-01 2.0594959e+00 2.1131582e+00
4.8571429e-01 2.0000000e+00 2.1181255e+00
4.8594104e-01 1.9383879e+00 2.1226280e+00
4.8616780e-01 1.9325598e+00 2.1266712e+00
4.8639456e-01 1.9889337e+00 2.1302614e+00
4.8662132e-01 2.0555995e+00 2.1334056e+00
4.8684807e-01 2.0709712e+00 2.1361117e+00
4.8707483e-01 2.0215145e+00 2.1383883e+00
4.8730159e-01 1.9537373e+00 2.1402445e+00
4.8752834e-01 1.9298550e+00 2.1416903e+00
4.8775510e-01 1.9699838e+00 2.1427363e+00
4.8798186e-01 2.0351740e+00 2.1433935e+00
4.8820862e-01 2.0655243e+00 2.1436737e+00
4.8843537e-01 2.0357535e+00 2.1435892e+00
4.8866213e-01 1.9762075e+00 2.1431529e+00
4.8888889e-01 1.9419790e+00 2.1423781e+00
4.8911565e-01 1.9615827e+00 2.1412784e+00
4.8934240e-01 2.0133174e+00 2.1398681e+00
4.8956916e-01 2.0487232e+00 2.1381617e+00
4.8979592e-01 2.0381459e+00 2.1361742e+00
4.9002268e-01 1.9954040e+00 2.1339209e+00
4.9024943e-01 1.9612694e+00 2.1314171e+00
4.9047619e-01 1.9645807e+00 2.1286788e+00
4.9070295e-01 1.9980910e+00 2.1257218e+00
4.9092971e-01 2.0290165e+00 2.1225624e+00
4.9115646e-01 2.0309300e+00 2.1192167e+00
4.9138322e-01 2.0060986e+00 2.1157013e+00
4.9160998e-01 1.9796686e+00 2.1120326e+00
4.9183673e-01 1.9745499e+00 2.1082269e+00
4.9206349e-01 1.9918271e+00 2.1043009e+00
4.9229025e-01 2.0131522e+00 2.1002709e+00
4.9251701e-01 2.0197127e+00 2.0961534e+00
4.9274376e-01 2.0085406e+00 2.0919644e+00
4.9297052e-01 1.9923215e+00 2.0877201e+00
4.9319728e-01 1.9856783e+00 2.0834365e+00
4.9342404e-01 1.9922839e+00 2.0791291e+00
4.9365079e-01 2.0038674e+00 2.0748135e+00
4.9387755e-01 2.0096966e+00 2.0705048e+00
4.9410431e-01 2.0062235e+00 2.0662179e+00
4.9433107e-01 1.9985044e+00 2.0619672e+00
4.9455782e-01 1.9939433e+00 2.0577668e+00
4.9478458e-01 1.9954811e+00 2.0536306e+00
4.9501134e-01 2.0002353e+00 2.0495719e+00
4.9523810e-01 2.0034373e+00 2.0456034e+00
4.9546485e-01 2.0029402e+00 2.0417377e+00
4.9569161e-01 2.0002709e+00 2.0379864e+00
4.9591837e-01 1.9982684e+00 2.0343611e+00
4.9614512e-01 1.9983135e+00 2.0308726e+00
4.9637188e-01 1.9996524e+00 2.0275310e+00
4.9659864e-01 2.0007462e+00 2.0243460e+00
4.9682540e-01 2.0008261e+00 2.0213268e+00
4.9705215e-01 2.0002439e+00 2.0184818e+00
4.9727891e-01 1.9997416e+00 2.0158187e+00
4.9750567e-01 1.9996744e+00 2.0133448e+00
4.9773243e-01 1.9998834e+00 2.0110666e+00
4.9795918e-01 2.0000639e+00 2.0089899e+00
4.9818594e-01 2.0000916e+00 2.0071200e+00
4.9841270e-01 2.0000349e+00 2.0054614e+00
4.9863946e-01 1.9999914e+00 2.0040178e+00
4.9886621e-01 1.9999864e+00 2.0027924e+00
4.9909297e-01 1.9999956e+00 2.0017877e+00
4.9931973e-01 2.0000003e+00 2.0010054e+00
4.9954649e-01 2.0000003e+00 2.0004465e+00
4.9977324e-01 2.0000000e+00 2.0001115e+00
5.0000000e-01 2.0000000e+00 2.0000000e+00
