2.2675737e-04 2.0000000e+00
4.5351474e-04 2.0000000e+00
6.8027211e-04 2.0000000e+00
9.0702948e-04 2.0000000e+00
1.1337868e-03 2.0000000e+00
1.3605442e-03 2.0000000e+00
1.5873016e-03 2.0000000e+00
1.8140590e-03 2.0000000e+00
2.0408163e-03 2.0000000e+00
2.2675737e-03 2.0000000e+00
2.4943311e-03 2.0000000e+00
2.7210884e-03 2.0000000e+00
2.9478458e-03 2.0000000e+00
3.1746032e-03 2.0000000e+00
3.4013605e-03 2.0000000e+00
3.6281179e-03 2.0000000e+00
3.8548753e-03 2.0000000e+00
4.0816327e-03 2.0000000e+00
4.3083900e-03 2.0000000e+00
4.5351474e-03 2.0000000e+00
4.7619048e-03 2.0000000e+00
4.9886621e-03 2.0000000e+00
5.2154195e-03 2.0000000e+00
5.4421769e-03 2.0000000e+00
5.6689342e-03 2.0000000e+00
5.8956916e-03 2.0000000e+00
6.1224490e-03 2.0000000e+00
6.3492063e-03 2.0000000e+00
6.5759637e-03 2.0000000e+00
6.8027211e-03 2.0000000e+00
7.0294785e-03 2.0000000e+00
7.2562358e-03 2.0000000e+00
7.4829932e-03 2.0000000e+00
7.7097506e-03 2.0000000e+00
7.9365079e-03 2.0000000e+00
8.1632653e-03 2.0000000e+00
8.3900227e-03 2.0000000e+00
8.6167800e-03 2.0000000e+00
8.8435374e-03 2.0000000e+00
9.0702948e-03 2.0000000e+00
9.2970522e-03 2.0000000e+00
9.5238095e-03 2.0000000e+00
9.7505669e-03 2.0000000e+00
9.9773243e-03 2.0000000e+00
1.0204082e-02 2.0000000e+00
1.0430839e-02 2.0000000e+00
1.0657596e-02 2.0000000e+00
1.0884354e-02 2.0000000e+00
1.1111111e-02 2.0000000e+00
1.1337868e-02 2.0000000e+00
1.1564626e-02 2.0000000e+00
1.1791383e-02 2.0000000e+00
1.2018141e-02 2.0000000e+00
1.2244898e-02 2.0000000e+00
1.2471655e-02 2.0000000e+00
1.2698413e-02 2.0000000e+00
1.2925170e-02 2.0000000e+00
1.3151927e-02 2.0000000e+00
1.3378685e-02 2.0000000e+00
1.3605442e-02 2.0000000e+00
1.3832200e-02 2.0000000e+00
1.4058957e-02 2.0000000e+00
1.4285714e-02 2.0000000e+00
1.4512472e-02 2.0000000e+00
1.4739229e-02 2.0000000e+00
1.4965986e-02 2.0000000e+00
1.5192744e-02 2.0000000e+00
1.5419501e-02 2.0000000e+00
1.5646259e-02 2.0000000e+00
1.5873016e-02 2.0000000e+00
1.6099773e-02 2.0000000e+00
1.6326531e-02 2.0000000e+00
1.6553288e-02 2.0000000e+00
1.6780045e-02 2.0000000e+00
1.7006803e-02 2.0000000e+00
1.7233560e-02 2.0000000e+00
1.7460317e-02 2.0000000e+00
1.7687075e-02 2.0000000e+00
1.7913832e-02 2.0000000e+00
1.8140590e-02 2.0000000e+00
1.8367347e-02 2.0000000e+00
1.8594104e-02 2.0000000e+00
1.8820862e-02 2.0000000e+00
1.9047619e-02 2.0000000e+00
1.9274376e-02 2.0000000e+00
1.9501134e-02 2.0000000e+00
1.9727891e-02 2.0000000e+00
1.9954649e-02 2.0000000e+00
2.0181406e-02 2.0000000e+00
2.0408163e-02 2.0000000e+00
2.0634921e-02 2.0000000e+00
2.0861678e-02 2.0000000e+00
2.1088435e-02 2.0000000e+00
2.1315193e-02 2.0000000e+00
2.1541950e-02 2.0000000e+00
2.1768707e-02 2.0000000e+00
2.1995465e-02 2.0000000e+00
2.2222222e-02 2.0000000e+00
2.2448980e-02 2.0000000e+00
2.2675737e-02 2.0000000e+00
2.2902494e-02 2.0000000e+00
2.3129252e-02 2.0000000e+00
2.3356009e-02 2.0000000e+00
2.3582766e-02 2.0000000e+00
2.3809524e-02 2.0000000e+00
2.4036281e-02 2.0000000e+00
2.4263039e-02 2.0000000e+00
2.4489796e-02 2.0000000e+00
2.4716553e-02 2.0000000e+00
2.4943311e-02 2.0000000e+00
2.5170068e-02 2.0000000e+00
2.5396825e-02 2.0000000e+00
2.5623583e-02 2.0000000e+00
2.5850340e-02 2.0000000e+00
2.6077098e-02 2.0000000e+00
2.6303855e-02 2.0000000e+00
2.6530612e-02 2.0000000e+00
2.6757370e-02 2.0000000e+00
2.6984127e-02 2.0000000e+00
2.7210884e-02 2.0000000e+00
2.7437642e-02 2.0000000e+00
2.7664399e-02 2.0000000e+00
2.7891156e-02 2.0000000e+00
2.8117914e-02 2.0000000e+00
2.8344671e-02 2.0000000e+00
2.8571429e-02 2.0000000e+00
2.8798186e-02 2.0000000e+00
2.9024943e-02 2.0000000e+00
2.9251701e-02 2.0000000e+00
2.9478458e-02 2.0000000e+00
2.9705215e-02 2.0000000e+00
2.9931973e-02 2.0000000e+00
3.0158730e-02 2.0000000e+00
3.0385488e-02 2.0000000e+00
3.0612245e-02 2.0000000e+00
3.0839002e-02 2.0000000e+00
3.1065760e-02 2.0000000e+00
3.1292517e-02 2.0000000e+00
3.1519274e-02 2.0000000e+00
3.1746032e-02 2.0000000e+00
3.1972789e-02 2.0000000e+00
3.2199546e-02 2.0000000e+00
3.2426304e-02 2.0000000e+00
3.2653061e-02 2.0000000e+00
3.2879819e-02 2.0000000e+00
3.3106576e-02 2.0000000e+00
3.3333333e-02 2.0000000e+00
3.3560091e-02 2.0000000e+00
3.3786848e-02 2.0000000e+00
3.4013605e-02 2.0000000e+00
3.4240363e-02 2.0000000e+00
3.4467120e-02 2.0000000e+00
3.4693878e-02 2.0000000e+00
3.4920635e-02 2.0000000e+00
3.5147392e-02 2.0000000e+00
3.5374150e-02 2.0000000e+00
3.5600907e-02 2.0000000e+00
3.5827664e-02 2.0000000e+00
3.6054422e-02 2.0000000e+00
3.6281179e-02 2.0000000e+00
3.6507937e-02 2.0000000e+00
3.6734694e-02 2.0000000e+00
3.6961451e-02 2.0000000e+00
3.7188209e-02 2.0000000e+00
3.7414966e-02 2.0000000e+00
3.7641723e-02 2.0000000e+00
3.7868481e-02 2.0000000e+00
3.8095238e-02 2.0000000e+00
3.8321995e-02 2.0000000e+00
3.8548753e-02 2.0000000e+00
3.8775510e-02 2.0000000e+00
3.9002268e-02 2.0000000e+00
3.9229025e-02 2.0000000e+00
3.9455782e-02 2.0000000e+00
3.9682540e-02 2.0000000e+00
3.9909297e-02 2.0000000e+00
4.0136054e-02 2.0000000e+00
4.0362812e-02 2.0000000e+00
4.0589569e-02 2.0000000e+00
4.0816327e-02 2.0000000e+00
4.1043084e-02 2.0000000e+00
4.1269841e-02 2.0000000e+00
4.1496599e-02 2.0000000e+00
4.1723356e-02 2.0000000e+00
4.1950113e-02 2.0000000e+00
4.2176871e-02 2.0000000e+00
4.2403628e-02 2.0000000e+00
4.2630385e-02 2.0000000e+00
4.2857143e-02 2.0000000e+00
4.3083900e-02 2.0000000e+00
4.3310658e-02 2.0000000e+00
4.3537415e-02 2.0000000e+00
4.3764172e-02 2.0000000e+00
4.3990930e-02 2.0000000e+00
4.4217687e-02 2.0000000e+00
4.4444444e-02 2.0000000e+00
4.4671202e-02 2.0000000e+00
4.4897959e-02 2.0000000e+00
4.5124717e-02 2.0000000e+00
4.5351474e-02 2.0000000e+00
4.5578231e-02 2.0000000e+00
4.5804989e-02 2.0000000e+00
4.6031746e-02 2.0000000e+00
4.6258503e-02 2.0000000e+00
4.6485261e-02 2.0000000e+00
4.6712018e-02 2.0000000e+00
4.6938776e-02 2.0000000e+00
4.7165533e-02 2.0000000e+00
4.7392290e-02 2.0000000e+00
4.7619048e-02 2.0000000e+00
4.7845805e-02 2.0000000e+00
4.8072562e-02 2.0000000e+00
4.8299320e-02 2.0000000e+00
4.8526077e-02 2.0000000e+00
4.8752834e-02 2.0000000e+00
4.8979592e-02 2.0000000e+00
4.9206349e-02 2.0000000e+00
4.9433107e-02 2.0000000e+00
4.9659864e-02 2.0000000e+00
4.9886621e-02 2.0000000e+00
5.0113379e-02 2.0000000e+00
5.0340136e-02 2.0000000e+00
5.0566893e-02 2.0000000e+00
5.0793651e-02 2.0000000e+00
5.1020408e-02 2.0000000e+00
5.1247166e-02 2.0000000e+00
5.1473923e-02 2.0000000e+00
5.1700680e-02 2.0000000e+00
5.1927438e-02 2.0000000e+00
5.2154195e-02 2.0000000e+00
5.2380952e-02 2.0000000e+00
5.2607710e-02 2.0000000e+00
5.2834467e-02 2.0000000e+00
5.3061224e-02 2.0000000e+00
5.3287982e-02 2.0000000e+00
5.3514739e-02 2.0000000e+00
5.3741497e-02 2.0000000e+00
5.3968254e-02 2.0000000e+00
5.4195011e-02 2.0000000e+00
5.4421769e-02 2.0000000e+00
5.4648526e-02 2.0000000e+00
5.4875283e-02 2.0000000e+00
5.5102041e-02 2.0000000e+00
5.5328798e-02 2.0000000e+00
5.5555556e-02 2.0000000e+00
5.5782313e-02 2.0000000e+00
5.6009070e-02 2.0000000e+00
5.6235828e-02 2.0000000e+00
5.6462585e-02 2.0000000e+00
5.6689342e-02 2.0000000e+00
5.6916100e-02 2.0000000e+00
5.7142857e-02 2.0000000e+00
5.7369615e-02 2.0000000e+00
5.7596372e-02 2.0000000e+00
5.7823129e-02 2.0000000e+00
5.8049887e-02 2.0000000e+00
5.8276644e-02 2.0000000e+00
5.8503401e-02 2.0000000e+00
5.8730159e-02 2.0000000e+00
5.8956916e-02 2.0000000e+00
5.9183673e-02 2.0000000e+00
5.9410431e-02 2.0000000e+00
5.9637188e-02 2.0000000e+00
5.9863946e-02 2.0000000e+00
6.0090703e-02 2.0000000e+00
6.0317460e-02 2.0000000e+00
6.0544218e-02 2.0000000e+00
6.0770975e-02 2.0000000e+00
6.0997732e-02 2.0000000e+00
6.1224490e-02 2.0000000e+00
6.1451247e-02 2.0000000e+00
6.1678005e-02 2.0000000e+00
6.1904762e-02 2.0000000e+00
6.2131519e-02 2.0000000e+00
6.2358277e-02 2.0000000e+00
6.2585034e-02 2.0000000e+00
6.2811791e-02 2.0000000e+00
6.3038549e-02 2.0000000e+00
6.3265306e-02 2.0000000e+00
6.3492063e-02 2.0000000e+00
6.3718821e-02 2.0000000e+00
6.3945578e-02 2.0000000e+00
6.4172336e-02 2.0000000e+00
6.4399093e-02 2.0000000e+00
6.4625850e-02 2.0000000e+00
6.4852608e-02 2.0000000e+00
6.5079365e-02 2.0000000e+00
6.5306122e-02 2.0000000e+00
6.5532880e-02 2.0000000e+00
6.5759637e-02 2.0000000e+00
6.5986395e-02 2.0000000e+00
6.6213152e-02 2.0000000e+00
6.6439909e-02 2.0000000e+00
6.6666667e-02 2.0000000e+00
6.6893424e-02 2.0000000e+00
6.7120181e-02 2.0000000e+00
6.7346939e-02 2.0000000e+00
6.7573696e-02 2.0000000e+00
6.7800454e-02 2.0000000e+00
6.8027211e-02 2.0000000e+00
6.8253968e-02 2.0000000e+00
6.8480726e-02 2.0000000e+00
6.8707483e-02 2.0000000e+00
6.8934240e-02 2.0000000e+00
6.9160998e-02 2.0000000e+00
6.9387755e-02 2.0000000e+00
6.9614512e-02 2.0000000e+00
6.9841270e-02 2.0000000e+00
7.0068027e-02 2.0000000e+00
7.0294785e-02 2.0000000e+00
7.0521542e-02 2.0000000e+00
7.0748299e-02 2.0000000e+00
7.0975057e-02 2.0000000e+00
7.1201814e-02 2.0000000e+00
7.1428571e-02 2.0000000e+00
7.1655329e-02 2.0000000e+00
7.1882086e-02 2.0000000e+00
7.2108844e-02 2.0000000e+00
7.2335601e-02 2.0000000e+00
7.2562358e-02 2.0000000e+00
7.2789116e-02 2.0000000e+00
7.3015873e-02 2.0000000e+00
7.3242630e-02 2.0000000e+00
7.3469388e-02 2.0000000e+00
7.3696145e-02 2.0000000e+00
7.3922902e-02 2.0000000e+00
7.4149660e-02 2.0000000e+00
7.4376417e-02 2.0000000e+00
7.4603175e-02 2.0000000e+00
7.4829932e-02 2.0000000e+00
7.5056689e-02 1.9999998e+00
7.5283447e-02 1.9999300e+00
7.5510204e-02 1.9997897e+00
7.5736961e-02 2.0000583e+00
7.5963719e-02 2.0009116e+00
7.6190476e-02 2.0013718e+00
7.6417234e-02 2.0001129e+00
7.6643991e-02 1.9975114e+00
7.6870748e-02 1.9962905e+00
7.7097506e-02 1.9990045e+00
7.7324263e-02 2.0044245e+00
7.7551020e-02 2.0072674e+00
7.7777778e-02 2.0030248e+00
7.8004535e-02 1.9937515e+00
7.8231293e-02 1.9880669e+00
7.8458050e-02 1.9934494e+00
7.8684807e-02 2.0074312e+00
7.8911565e-02 2.0174398e+00
7.9138322e-02 2.0118026e+00
7.9365079e-02 1.9925742e+00
7.9591837e-02 1.9766208e+00
7.9818594e-02 1.9811356e+00
8.0045351e-02 2.0057113e+00
8.0272109e-02 2.0292240e+00
8.0498866e-02 2.0276555e+00
8.0725624e-02 1.9981646e+00
8.0952381e-02 1.9656398e+00
8.1179138e-02 1.9620747e+00
8.1405896e-02 1.9954548e+00
8.1632653e-02 2.0381256e+00
8.1859410e-02 2.0492563e+00
8.2086168e-02 2.0136307e+00
8.2312925e-02 1.9601460e+00
8.2539683e-02 1.9389196e+00
8.2766440e-02 1.9745486e+00
8.2993197e-02 2.0389210e+00
8.3219955e-02 2.0727044e+00
8.3446712e-02 2.0398505e+00
8.3673469e-02 1.9652102e+00
8.3900227e-02 1.9166552e+00
8.4126984e-02 1.9435217e+00
8.4353741e-02 2.0270536e+00
8.4580499e-02 2.0921705e+00
8.4807256e-02 2.0747976e+00
8.5034014e-02 1.9845279e+00
8.5260771e-02 1.9016497e+00
8.5487528e-02 1.9058990e+00
8.5714286e-02 2.0000000e+00
8.5941043e-02 2.1011024e+00
8.6167800e-02 2.1135386e+00
8.6394558e-02 2.0191948e+00
8.6621315e-02 1.9002561e+00
8.6848073e-02 1.8678435e+00
8.7074830e-02 1.9582759e+00
8.7301587e-02 2.0937373e+00
8.7528345e-02 2.1489420e+00
8.7755102e-02 2.0669849e+00
8.7981859e-02 1.9172699e+00
8.8208617e-02 1.8371253e+00
8.8435374e-02 1.9058231e+00
8.8662132e-02 2.0665871e+00
8.8888889e-02 2.1729807e+00
8.9115646e-02 2.1223314e+00
8.9342404e-02 1.9545884e+00
8.9569161e-02 1.8216139e+00
8.9795918e-02 1.8496487e+00
9.0022676e-02 2.0195545e+00
9.0249433e-02 2.1783679e+00
9.0476190e-02 2.1770590e+00
9.0702948e-02 2.0103886e+00
9.0929705e-02 1.8276013e+00
9.1156463e-02 1.7987494e+00
9.1383220e-02 1.9564065e+00
9.1609977e-02 2.1601835e+00
9.1836735e-02 2.2217535e+00
9.2063492e-02 2.0790367e+00
9.2290249e-02 1.8583151e+00
9.2517007e-02 1.7625154e+00
9.2743764e-02 1.8844655e+00
9.2970522e-02 2.1171370e+00
9.3197279e-02 2.2475057e+00
9.3424036e-02 2.1517924e+00
9.3650794e-02 1.9129544e+00
9.3877551e-02 1.7489264e+00
9.4104308e-02 1.8135388e+00
9.4331066e-02 2.0521754e+00
9.4557823e-02 2.2476817e+00
9.4784580e-02 2.2181975e+00
9.5011338e-02 1.9864767e+00
9.5238095e-02 1.7629089e+00
9.5464853e-02 1.7542749e+00
9.5691610e-02 1.9722804e+00
9.5918367e-02 2.2193493e+00
9.6145125e-02 2.2678950e+00
9.6371882e-02 2.0702164e+00
9.6598639e-02 1.8052038e+00
9.6825397e-02 1.7162601e+00
9.7052154e-02 1.8874590e+00
9.7278912e-02 2.1640547e+00
9.7505669e-02 2.2925212e+00
9.7732426e-02 2.1532394e+00
9.7959184e-02 1.8719909e+00
9.8185941e-02 1.7062339e+00
9.8412698e-02 1.8091063e+00
9.8639456e-02 2.0877700e+00
9.8866213e-02 2.2872921e+00
9.9092971e-02 2.2241849e+00
9.9319728e-02 1.9553719e+00
9.9546485e-02 1.7267819e+00
9.9773243e-02 1.7480487e+00
1.0000000e-01 2.0000000e+00
1.0022676e-01 2.2520078e+00
1.0045351e-01 2.2734518e+00
1.0068027e-01 2.0447127e+00
1.0090703e-01 1.7750656e+00
1.0113379e-01 1.7112127e+00
1.0136054e-01 1.9115734e+00
1.0158730e-01 2.1928363e+00
1.0181406e-01 2.2976718e+00
1.0204082e-01 2.1301651e+00
1.0226757e-01 1.8435694e+00
1.0249433e-01 1.7000932e+00
1.0272109e-01 1.8310040e+00
1.0294785e-01 2.1165304e+00
1.0317460e-01 2.2954423e+00
1.0340136e-01 2.2040518e+00
1.0362812e-01 1.9259728e+00
1.0385488e-01 1.7156218e+00
1.0408163e-01 1.7654506e+00
1.0430839e-01 2.0298704e+00
1.0453515e-01 2.2669615e+00
1.0476190e-01 2.2598076e+00
1.0498866e-01 2.0149538e+00
1.0521542e-01 1.7564186e+00
1.0544218e-01 1.7207379e+00
1.0566893e-01 1.9405562e+00
1.0589569e-01 2.2147601e+00
1.0612245e-01 2.2924784e+00
1.0634921e-01 2.1026060e+00
1.0657596e-01 1.8188587e+00
1.0680272e-01 1.7008389e+00
1.0702948e-01 1.8565238e+00
1.0725624e-01 2.1434762e+00
1.0748299e-01 2.2991611e+00
1.0770975e-01 2.1811413e+00
1.0793651e-01 1.8973940e+00
1.0816327e-01 1.7075216e+00
1.0839002e-01 1.7852399e+00
1.0861678e-01 2.0594438e+00
1.0884354e-01 2.2792621e+00
1.0907029e-01 2.2435814e+00
1.0929705e-01 1.9850462e+00
1.0952381e-01 1.7401924e+00
1.0975057e-01 1.7330385e+00
1.0997732e-01 1.9701296e+00
1.1020408e-01 2.2345494e+00
1.1043084e-01 2.2843782e+00
1.1065760e-01 2.0740272e+00
1.1088435e-01 1.7959482e+00
1.1111111e-01 1.7045577e+00
1.1133787e-01 1.8834696e+00
1.1156463e-01 2.1689960e+00
1.1179138e-01 2.2999068e+00
1.1201814e-01 2.1564306e+00
1.1224490e-01 1.8698349e+00
1.1247166e-01 1.7023282e+00
1.1269841e-01 1.8071637e+00
1.1292517e-01 2.0884266e+00
1.1315193e-01 2.2887873e+00
1.1337868e-01 2.2249344e+00
1.1360544e-01 1.9552873e+00
1.1383220e-01 1.7265482e+00
1.1405896e-01 1.7479922e+00
1.1428571e-01 2.0000000e+00
1.1451247e-01 2.2520078e+00
1.1473923e-01 2.2734518e+00
1.1496599e-01 2.0447127e+00
1.1519274e-01 1.7750656e+00
1.1541950e-01 1.7112127e+00
1.1564626e-01 1.9115734e+00
1.1587302e-01 2.1928363e+00
1.1609977e-01 2.2976718e+00
1.1632653e-01 2.1301651e+00
1.1655329e-01 1.8435694e+00
1.1678005e-01 1.7000932e+00
1.1700680e-01 1.8310040e+00
1.1723356e-01 2.1165304e+00
1.1746032e-01 2.2954423e+00
1.1768707e-01 2.2040518e+00
1.1791383e-01 1.9259728e+00
1.1814059e-01 1.7156218e+00
1.1836735e-01 1.7654506e+00
1.1859410e-01 2.0298704e+00
1.1882086e-01 2.2669615e+00
1.1904762e-01 2.2598076e+00
1.1927438e-01 2.0149538e+00
1.1950113e-01 1.7564186e+00
1.1972789e-01 1.7207379e+00
1.1995465e-01 1.9405562e+00
1.2018141e-01 2.2147601e+00
1.2040816e-01 2.2924784e+00
1.2063492e-01 2.1026060e+00
1.2086168e-01 1.8188587e+00
1.2108844e-01 1.7008389e+00
1.2131519e-01 1.8565238e+00
1.2154195e-01 2.1434762e+00
1.2176871e-01 2.2991611e+00
1.2199546e-01 2.1811413e+00
1.2222222e-01 1.8973940e+00
1.2244898e-01 1.7075216e+00
1.2267574e-01 1.7852399e+00
1.2290249e-01 2.0594438e+00
1.2312925e-01 2.2792621e+00
1.2335601e-01 2.2435814e+00
1.2358277e-01 1.9850462e+00
1.2380952e-01 1.7401924e+00
1.2403628e-01 1.7330385e+00
1.2426304e-01 1.9701296e+00
1.2448980e-01 2.2345494e+00
1.2471655e-01 2.2843782e+00
1.2494331e-01 2.0740272e+00
1.2517007e-01 1.7959482e+00
1.2539683e-01 1.7045577e+00
1.2562358e-01 1.8834696e+00
1.2585034e-01 2.1689960e+00
1.2607710e-01 2.2999068e+00
1.2630385e-01 2.1564306e+00
1.2653061e-01 1.8698349e+00
1.2675737e-01 1.7023282e+00
1.2698413e-01 1.8071637e+00
1.2721088e-01 2.0884266e+00
1.2743764e-01 2.2887873e+00
1.2766440e-01 2.2249344e+00
1.2789116e-01 1.9552873e+00
1.2811791e-01 1.7265482e+00
1.2834467e-01 1.7479922e+00
1.2857143e-01 2.0000000e+00
1.2879819e-01 2.2520078e+00
1.2902494e-01 2.2734518e+00
1.2925170e-01 2.0447127e+00
1.2947846e-01 1.7750656e+00
1.2970522e-01 1.7112127e+00
1.2993197e-01 1.9115734e+00
1.3015873e-01 2.1928363e+00
1.3038549e-01 2.2976718e+00
1.3061224e-01 2.1301651e+00
1.3083900e-01 1.8435694e+00
1.3106576e-01 1.7000932e+00
1.3129252e-01 1.8310040e+00
1.3151927e-01 2.1165304e+00
1.3174603e-01 2.2954423e+00
1.3197279e-01 2.2040518e+00
1.3219955e-01 1.9259728e+00
1.3242630e-01 1.7156218e+00
1.3265306e-01 1.7654506e+00
1.3287982e-01 2.0298704e+00
1.3310658e-01 2.2669615e+00
1.3333333e-01 2.2598076e+00
1.3356009e-01 2.0149538e+00
1.3378685e-01 1.7564186e+00
1.3401361e-01 1.7207379e+00
1.3424036e-01 1.9405562e+00
1.3446712e-01 2.2147601e+00
1.3469388e-01 2.2924784e+00
1.3492063e-01 2.1026060e+00
1.3514739e-01 1.8188587e+00
1.3537415e-01 1.7008389e+00
1.3560091e-01 1.8565238e+00
1.3582766e-01 2.1434762e+00
1.3605442e-01 2.2991611e+00
1.3628118e-01 2.1811413e+00
1.3650794e-01 1.8973940e+00
1.3673469e-01 1.7075216e+00
1.3696145e-01 1.7852399e+00
1.3718821e-01 2.0594438e+00
1.3741497e-01 2.2792621e+00
1.3764172e-01 2.2435814e+00
1.3786848e-01 1.9850462e+00
1.3809524e-01 1.7401924e+00
1.3832200e-01 1.7330385e+00
1.3854875e-01 1.9701296e+00
1.3877551e-01 2.2345494e+00
1.3900227e-01 2.2843782e+00
1.3922902e-01 2.0740272e+00
1.3945578e-01 1.7959482e+00
1.3968254e-01 1.7045577e+00
1.3990930e-01 1.8834696e+00
1.4013605e-01 2.1689960e+00
1.4036281e-01 2.2999068e+00
1.4058957e-01 2.1564306e+00
1.4081633e-01 1.8698349e+00
1.4104308e-01 1.7023282e+00
1.4126984e-01 1.8071637e+00
1.4149660e-01 2.0884266e+00
1.4172336e-01 2.2887873e+00
1.4195011e-01 2.2249344e+00
1.4217687e-01 1.9552873e+00
1.4240363e-01 1.7265482e+00
1.4263039e-01 1.7479922e+00
1.4285714e-01 2.0000000e+00
1.4308390e-01 2.2520078e+00
1.4331066e-01 2.2734518e+00
1.4353741e-01 2.0447127e+00
1.4376417e-01 1.7750656e+00
1.4399093e-01 1.7112127e+00
1.4421769e-01 1.9115734e+00
1.4444444e-01 2.1928363e+00
1.4467120e-01 2.2976718e+00
1.4489796e-01 2.1301651e+00
1.4512472e-01 1.8435694e+00
1.4535147e-01 1.7000932e+00
1.4557823e-01 1.8310040e+00
1.4580499e-01 2.1165304e+00
1.4603175e-01 2.2954423e+00
1.4625850e-01 2.2040518e+00
1.4648526e-01 1.9259728e+00
1.4671202e-01 1.7156218e+00
1.4693878e-01 1.7654506e+00
1.4716553e-01 2.0298704e+00
1.4739229e-01 2.2669615e+00
1.4761905e-01 2.2598076e+00
1.4784580e-01 2.0149538e+00
1.4807256e-01 1.7564186e+00
1.4829932e-01 1.7207379e+00
1.4852608e-01 1.9405562e+00
1.4875283e-01 2.2147601e+00
1.4897959e-01 2.2924784e+00
1.4920635e-01 2.1026060e+00
1.4943311e-01 1.8188587e+00
1.4965986e-01 1.7008389e+00
1.4988662e-01 1.8565238e+00
1.5011338e-01 2.1434762e+00
1.5034014e-01 2.2991611e+00
1.5056689e-01 2.1811413e+00
1.5079365e-01 1.8973940e+00
1.5102041e-01 1.7075216e+00
1.5124717e-01 1.7852399e+00
1.5147392e-01 2.0594438e+00
1.5170068e-01 2.2792621e+00
1.5192744e-01 2.2435814e+00
1.5215420e-01 1.9850462e+00
1.5238095e-01 1.7401924e+00
1.5260771e-01 1.7330385e+00
1.5283447e-01 1.9701296e+00
1.5306122e-01 2.2345494e+00
1.5328798e-01 2.2843782e+00
1.5351474e-01 2.0740272e+00
1.5374150e-01 1.7959482e+00
1.5396825e-01 1.7045577e+00
1.5419501e-01 1.8834696e+00
1.5442177e-01 2.1689960e+00
1.5464853e-01 2.2999068e+00
1.5487528e-01 2.1564306e+00
1.5510204e-01 1.8698349e+00
1.5532880e-01 1.7023282e+00
1.5555556e-01 1.8071637e+00
1.5578231e-01 2.0884266e+00
1.5600907e-01 2.2887873e+00
1.5623583e-01 2.2249344e+00
1.5646259e-01 1.9552873e+00
1.5668934e-01 1.7265482e+00
1.5691610e-01 1.7479922e+00
1.5714286e-01 2.0000000e+00
1.5736961e-01 2.2520078e+00
1.5759637e-01 2.2734518e+00
1.5782313e-01 2.0447127e+00
1.5804989e-01 1.7750656e+00
1.5827664e-01 1.7112127e+00
1.5850340e-01 1.9115734e+00
1.5873016e-01 2.1928363e+00
1.5895692e-01 2.2976718e+00
1.5918367e-01 2.1301651e+00
1.5941043e-01 1.8435694e+00
1.5963719e-01 1.7000932e+00
1.5986395e-01 1.8310040e+00
1.6009070e-01 2.1165304e+00
1.6031746e-01 2.2954423e+00
1.6054422e-01 2.2040518e+00
1.6077098e-01 1.9259728e+00
1.6099773e-01 1.7156218e+00
1.6122449e-01 1.7654506e+00
1.6145125e-01 2.0298704e+00
1.6167800e-01 2.2669615e+00
1.6190476e-01 2.2598076e+00
1.6213152e-01 2.0149538e+00
1.6235828e-01 1.7564186e+00
1.6258503e-01 1.7207379e+00
1.6281179e-01 1.9405562e+00
1.6303855e-01 2.2147601e+00
1.6326531e-01 2.2924784e+00
1.6349206e-01 2.1026060e+00
1.6371882e-01 1.8188587e+00
1.6394558e-01 1.7008389e+00
1.6417234e-01 1.8565238e+00
1.6439909e-01 2.1434762e+00
1.6462585e-01 2.2991611e+00
1.6485261e-01 2.1811413e+00
1.6507937e-01 1.8973940e+00
1.6530612e-01 1.7075216e+00
1.6553288e-01 1.7852399e+00
1.6575964e-01 2.0594438e+00
1.6598639e-01 2.2792621e+00
1.6621315e-01 2.2435814e+00
1.6643991e-01 1.9850462e+00
1.6666667e-01 1.7401924e+00
1.6689342e-01 1.7330385e+00
1.6712018e-01 1.9701296e+00
1.6734694e-01 2.2345494e+00
1.6757370e-01 2.2843782e+00
1.6780045e-01 2.0740272e+00
1.6802721e-01 1.7959482e+00
1.6825397e-01 1.7045577e+00
1.6848073e-01 1.8834696e+00
1.6870748e-01 2.1689960e+00
1.6893424e-01 2.2999068e+00
1.6916100e-01 2.1564306e+00
1.6938776e-01 1.8698349e+00
1.6961451e-01 1.7023282e+00
1.6984127e-01 1.8071637e+00
1.7006803e-01 2.0884266e+00
1.7029478e-01 2.2887873e+00
1.7052154e-01 2.2249344e+00
1.7074830e-01 1.9552873e+00
1.7097506e-01 1.7265482e+00
1.7120181e-01 1.7479922e+00
1.7142857e-01 2.0000000e+00
1.7165533e-01 2.2520078e+00
1.7188209e-01 2.2734518e+00
1.7210884e-01 2.0447127e+00
1.7233560e-01 1.7750656e+00
1.7256236e-01 1.7112127e+00
1.7278912e-01 1.9115734e+00
1.7301587e-01 2.1928363e+00
1.7324263e-01 2.2976718e+00
1.7346939e-01 2.1301651e+00
1.7369615e-01 1.8435694e+00
1.7392290e-01 1.7000932e+00
1.7414966e-01 1.8310040e+00
1.7437642e-01 2.1165304e+00
1.7460317e-01 2.2954423e+00
1.7482993e-01 2.2040518e+00
1.7505669e-01 1.9259728e+00
1.7528345e-01 1.7156218e+00
1.7551020e-01 1.7654506e+00
1.7573696e-01 2.0298704e+00
1.7596372e-01 2.2669615e+00
1.7619048e-01 2.2598076e+00
1.7641723e-01 2.0149538e+00
1.7664399e-01 1.7564186e+00
1.7687075e-01 1.7207379e+00
1.7709751e-01 1.9405562e+00
1.7732426e-01 2.2147601e+00
1.7755102e-01 2.2924784e+00
1.7777778e-01 2.1026060e+00
1.7800454e-01 1.8188587e+00
1.7823129e-01 1.7008389e+00
1.7845805e-01 1.8565238e+00
1.7868481e-01 2.1434762e+00
1.7891156e-01 2.2991611e+00
1.7913832e-01 2.1811413e+00
1.7936508e-01 1.8973940e+00
1.7959184e-01 1.7075216e+00
1.7981859e-01 1.7852399e+00
1.8004535e-01 2.0594438e+00
1.8027211e-01 2.2792621e+00
1.8049887e-01 2.2435814e+00
1.8072562e-01 1.9850462e+00
1.8095238e-01 1.7401924e+00
1.8117914e-01 1.7330385e+00
1.8140590e-01 1.9701296e+00
1.8163265e-01 2.2345494e+00
1.8185941e-01 2.2843782e+00
1.8208617e-01 2.0740272e+00
1.8231293e-01 1.7959482e+00
1.8253968e-01 1.7045577e+00
1.8276644e-01 1.8834696e+00
1.8299320e-01 2.1689960e+00
1.8321995e-01 2.2999068e+00
1.8344671e-01 2.1564306e+00
1.8367347e-01 1.8698349e+00
1.8390023e-01 1.7023282e+00
1.8412698e-01 1.8071637e+00
1.8435374e-01 2.0884266e+00
1.8458050e-01 2.2887873e+00
1.8480726e-01 2.2249344e+00
1.8503401e-01 1.9552873e+00
1.8526077e-01 1.7265482e+00
1.8548753e-01 1.7479922e+00
1.8571429e-01 2.0000000e+00
1.8594104e-01 2.2520078e+00
1.8616780e-01 2.2734518e+00
1.8639456e-01 2.0447127e+00
1.8662132e-01 1.7750656e+00
1.8684807e-01 1.7112127e+00
1.8707483e-01 1.9115734e+00
1.8730159e-01 2.1928363e+00
1.8752834e-01 2.2976718e+00
1.8775510e-01 2.1301651e+00
1.8798186e-01 1.8435694e+00
1.8820862e-01 1.7000932e+00
1.8843537e-01 1.8310040e+00
1.8866213e-01 2.1165304e+00
1.8888889e-01 2.2954423e+00
1.8911565e-01 2.2040518e+00
1.8934240e-01 1.9259728e+00
1.8956916e-01 1.7156218e+00
1.8979592e-01 1.7654506e+00
1.9002268e-01 2.0298704e+00
1.9024943e-01 2.2669615e+00
1.9047619e-01 2.2598076e+00
1.9070295e-01 2.0149538e+00
1.9092971e-01 1.7564186e+00
1.9115646e-01 1.7207379e+00
1.9138322e-01 1.9405562e+00
1.9160998e-01 2.2147601e+00
1.9183673e-01 2.2924784e+00
1.9206349e-01 2.1026060e+00
1.9229025e-01 1.8188587e+00
1.9251701e-01 1.7008389e+00
1.9274376e-01 1.8565238e+00
1.9297052e-01 2.1434762e+00
1.9319728e-01 2.2991611e+00
1.9342404e-01 2.1811413e+00
1.9365079e-01 1.8973940e+00
1.9387755e-01 1.7075216e+00
1.9410431e-01 1.7852399e+00
1.9433107e-01 2.0594438e+00
1.9455782e-01 2.2792621e+00
1.9478458e-01 2.2435814e+00
1.9501134e-01 1.9850462e+00
1.9523810e-01 1.7401924e+00
1.9546485e-01 1.7330385e+00
1.9569161e-01 1.9701296e+00
1.9591837e-01 2.2345494e+00
1.9614512e-01 2.2843782e+00
1.9637188e-01 2.0740272e+00
1.9659864e-01 1.7959482e+00
1.9682540e-01 1.7045577e+00
1.9705215e-01 1.8834696e+00
1.9727891e-01 2.1689960e+00
1.9750567e-01 2.2999068e+00
1.9773243e-01 2.1564306e+00
1.9795918e-01 1.8698349e+00
1.9818594e-01 1.7023282e+00
1.9841270e-01 1.8071637e+00
1.9863946e-01 2.0884266e+00
1.9886621e-01 2.2887873e+00
1.9909297e-01 2.2249344e+00
1.9931973e-01 1.9552873e+00
1.9954649e-01 1.7265482e+00
1.9977324e-01 1.7479922e+00
2.0000000e-01 2.0000000e+00
2.0022676e-01 2.2520078e+00
2.0045351e-01 2.2734518e+00
2.0068027e-01 2.0447127e+00
2.0090703e-01 1.7750656e+00
2.0113379e-01 1.7112127e+00
2.0136054e-01 1.9115734e+00
2.0158730e-01 2.1928363e+00
2.0181406e-01 2.2976718e+00
2.0204082e-01 2.1301651e+00
2.0226757e-01 1.8435694e+00
2.0249433e-01 1.7000932e+00
2.0272109e-01 1.8310040e+00
2.0294785e-01 2.1165304e+00
2.0317460e-01 2.2954423e+00
2.0340136e-01 2.2040518e+00
2.0362812e-01 1.9259728e+00
2.0385488e-01 1.7156218e+00
2.0408163e-01 1.7654506e+00
2.0430839e-01 2.0298704e+00
2.0453515e-01 2.2669615e+00
2.0476190e-01 2.2598076e+00
2.0498866e-01 2.0149538e+00
2.0521542e-01 1.7564186e+00
2.0544218e-01 1.7207379e+00
2.0566893e-01 1.9405562e+00
2.0589569e-01 2.2147601e+00
2.0612245e-01 2.2924784e+00
2.0634921e-01 2.1026060e+00
2.0657596e-01 1.8188587e+00
2.0680272e-01 1.7008389e+00
2.0702948e-01 1.8565238e+00
2.0725624e-01 2.1434762e+00
2.0748299e-01 2.2991611e+00
2.0770975e-01 2.1811413e+00
2.0793651e-01 1.8973940e+00
2.0816327e-01 1.7075216e+00
2.0839002e-01 1.7852399e+00
2.0861678e-01 2.0594438e+00
2.0884354e-01 2.2792621e+00
2.0907029e-01 2.2435814e+00
2.0929705e-01 1.9850462e+00
2.0952381e-01 1.7401924e+00
2.0975057e-01 1.7330385e+00
2.0997732e-01 1.9701296e+00
2.1020408e-01 2.2345494e+00
2.1043084e-01 2.2843782e+00
2.1065760e-01 2.0740272e+00
2.1088435e-01 1.7959482e+00
2.1111111e-01 1.7045577e+00
2.1133787e-01 1.8834696e+00
2.1156463e-01 2.1689960e+00
2.1179138e-01 2.2999068e+00
2.1201814e-01 2.1564306e+00
2.1224490e-01 1.8698349e+00
2.1247166e-01 1.7023282e+00
2.1269841e-01 1.8071637e+00
2.1292517e-01 2.0884266e+00
2.1315193e-01 2.2887873e+00
2.1337868e-01 2.2249344e+00
2.1360544e-01 1.9552873e+00
2.1383220e-01 1.7265482e+00
2.1405896e-01 1.7479922e+00
2.1428571e-01 2.0000000e+00
2.1451247e-01 2.2520078e+00
2.1473923e-01 2.2734518e+00
2.1496599e-01 2.0447127e+00
2.1519274e-01 1.7750656e+00
2.1541950e-01 1.7112127e+00
2.1564626e-01 1.9115734e+00
2.1587302e-01 2.1928363e+00
2.1609977e-01 2.2976718e+00
2.1632653e-01 2.1301651e+00
2.1655329e-01 1.8435694e+00
2.1678005e-01 1.7000932e+00
2.1700680e-01 1.8310040e+00
2.1723356e-01 2.1165304e+00
2.1746032e-01 2.2954423e+00
2.1768707e-01 2.2040518e+00
2.1791383e-01 1.9259728e+00
2.1814059e-01 1.7156218e+00
2.1836735e-01 1.7654506e+00
2.1859410e-01 2.0298704e+00
2.1882086e-01 2.2669615e+00
2.1904762e-01 2.2598076e+00
2.1927438e-01 2.0149538e+00
2.1950113e-01 1.7564186e+00
2.1972789e-01 1.7207379e+00
2.1995465e-01 1.9405562e+00
2.2018141e-01 2.2147601e+00
2.2040816e-01 2.2924784e+00
2.2063492e-01 2.1026060e+00
2.2086168e-01 1.8188587e+00
2.2108844e-01 1.7008389e+00
2.2131519e-01 1.8565238e+00
2.2154195e-01 2.1434762e+00
2.2176871e-01 2.2991611e+00
2.2199546e-01 2.1811413e+00
2.2222222e-01 1.8973940e+00
2.2244898e-01 1.7075216e+00
2.2267574e-01 1.7852399e+00
2.2290249e-01 2.0594438e+00
2.2312925e-01 2.2792621e+00
2.2335601e-01 2.2435814e+00
2.2358277e-01 1.9850462e+00
2.2380952e-01 1.7401924e+00
2.2403628e-01 1.7330385e+00
2.2426304e-01 1.9701296e+00
2.2448980e-01 2.2345494e+00
2.2471655e-01 2.2843782e+00
2.2494331e-01 2.0740272e+00
2.2517007e-01 1.7959482e+00
2.2539683e-01 1.7045577e+00
2.2562358e-01 1.8834696e+00
2.2585034e-01 2.1689960e+00
2.2607710e-01 2.2999068e+00
2.2630385e-01 2.1564306e+00
2.2653061e-01 1.8698349e+00
2.2675737e-01 1.7023282e+00
2.2698413e-01 1.8071637e+00
2.2721088e-01 2.0884266e+00
2.2743764e-01 2.2887873e+00
2.2766440e-01 2.2249344e+00
2.2789116e-01 1.9552873e+00
2.2811791e-01 1.7265482e+00
2.2834467e-01 1.7479922e+00
2.2857143e-01 2.0000000e+00
2.2879819e-01 2.2520078e+00
2.2902494e-01 2.2734518e+00
2.2925170e-01 2.0447127e+00
2.2947846e-01 1.7750656e+00
2.2970522e-01 1.7112127e+00
2.2993197e-01 1.9115734e+00
2.3015873e-01 2.1928363e+00
2.3038549e-01 2.2976718e+00
2.3061224e-01 2.1301651e+00
2.3083900e-01 1.8435694e+00
2.3106576e-01 1.7000932e+00
2.3129252e-01 1.8310040e+00
2.3151927e-01 2.1165304e+00
2.3174603e-01 2.2954423e+00
2.3197279e-01 2.2040518e+00
2.3219955e-01 1.9259728e+00
2.3242630e-01 1.7156218e+00
2.3265306e-01 1.7654506e+00
2.3287982e-01 2.0298704e+00
2.3310658e-01 2.2669615e+00
2.3333333e-01 2.2598076e+00
2.3356009e-01 2.0149538e+00
2.3378685e-01 1.7564186e+00
2.3401361e-01 1.7207379e+00
2.3424036e-01 1.9405562e+00
2.3446712e-01 2.2147601e+00
2.3469388e-01 2.2924784e+00
2.3492063e-01 2.1026060e+00
2.3514739e-01 1.8188587e+00
2.3537415e-01 1.7008389e+00
2.3560091e-01 1.8565238e+00
2.3582766e-01 2.1434762e+00
2.3605442e-01 2.2991611e+00
2.3628118e-01 2.1811413e+00
2.3650794e-01 1.8973940e+00
2.3673469e-01 1.7075216e+00
2.3696145e-01 1.7852399e+00
2.3718821e-01 2.0594438e+00
2.3741497e-01 2.2792621e+00
2.3764172e-01 2.2435814e+00
2.3786848e-01 1.9850462e+00
2.3809524e-01 1.7401924e+00
2.3832200e-01 1.7330385e+00
2.3854875e-01 1.9701296e+00
2.3877551e-01 2.2345494e+00
2.3900227e-01 2.2843782e+00
2.3922902e-01 2.0740272e+00
2.3945578e-01 1.7959482e+00
2.3968254e-01 1.7045577e+00
2.3990930e-01 1.8834696e+00
2.4013605e-01 2.1689960e+00
2.4036281e-01 2.2999068e+00
2.4058957e-01 2.1564306e+00
2.4081633e-01 1.8698349e+00
2.4104308e-01 1.7023282e+00
2.4126984e-01 1.8071637e+00
2.4149660e-01 2.0884266e+00
2.4172336e-01 2.2887873e+00
2.4195011e-01 2.2249344e+00
2.4217687e-01 1.9552873e+00
2.4240363e-01 1.7265482e+00
2.4263039e-01 1.7479922e+00
2.4285714e-01 2.0000000e+00
2.4308390e-01 2.2520078e+00
2.4331066e-01 2.2734518e+00
2.4353741e-01 2.0447127e+00
2.4376417e-01 1.7750656e+00
2.4399093e-01 1.7112127e+00
2.4421769e-01 1.9115734e+00
2.4444444e-01 2.1928363e+00
2.4467120e-01 2.2976718e+00
2.4489796e-01 2.1301651e+00
2.4512472e-01 1.8435694e+00
2.4535147e-01 1.7000932e+00
2.4557823e-01 1.8310040e+00
2.4580499e-01 2.1165304e+00
2.4603175e-01 2.2954423e+00
2.4625850e-01 2.2040518e+00
2.4648526e-01 1.9259728e+00
2.4671202e-01 1.7156218e+00
2.4693878e-01 1.7654506e+00
2.4716553e-01 2.0298704e+00
2.4739229e-01 2.2669615e+00
2.4761905e-01 2.2598076e+00
2.4784580e-01 2.0149538e+00
2.4807256e-01 1.7564186e+00
2.4829932e-01 1.7207379e+00
2.4852608e-01 1.9405562e+00
2.4875283e-01 2.2147601e+00
2.4897959e-01 2.2924784e+00
2.4920635e-01 2.1026060e+00
2.4943311e-01 1.8188587e+00
2.4965986e-01 1.7008389e+00
2.4988662e-01 1.8565238e+00
2.5011338e-01 2.1434762e+00
2.5034014e-01 2.2991611e+00
2.5056689e-01 2.1811413e+00
2.5079365e-01 1.8973940e+00
2.5102041e-01 1.7075216e+00
2.5124717e-01 1.7852399e+00
2.5147392e-01 2.0594438e+00
2.5170068e-01 2.2792621e+00
2.5192744e-01 2.2435814e+00
2.5215420e-01 1.9850462e+00
2.5238095e-01 1.7401924e+00
2.5260771e-01 1.7330385e+00
2.5283447e-01 1.9701296e+00
2.5306122e-01 2.2345494e+00
2.5328798e-01 2.2843782e+00
2.5351474e-01 2.0740272e+00
2.5374150e-01 1.7959482e+00
2.5396825e-01 1.7045577e+00
2.5419501e-01 1.8834696e+00
2.5442177e-01 2.1689960e+00
2.5464853e-01 2.2999068e+00
2.5487528e-01 2.1564306e+00
2.5510204e-01 1.8698349e+00
2.5532880e-01 1.7023282e+00
2.5555556e-01 1.8071637e+00
2.5578231e-01 2.0884266e+00
2.5600907e-01 2.2887873e+00
2.5623583e-01 2.2249344e+00
2.5646259e-01 1.9552873e+00
2.5668934e-01 1.7265482e+00
2.5691610e-01 1.7479922e+00
2.5714286e-01 2.0000000e+00
2.5736961e-01 2.2520078e+00
2.5759637e-01 2.2734518e+00
2.5782313e-01 2.0447127e+00
2.5804989e-01 1.7750656e+00
2.5827664e-01 1.7112127e+00
2.5850340e-01 1.9115734e+00
2.5873016e-01 2.1928363e+00
2.5895692e-01 2.2976718e+00
2.5918367e-01 2.1301651e+00
2.5941043e-01 1.8435694e+00
2.5963719e-01 1.7000932e+00
2.5986395e-01 1.8310040e+00
2.6009070e-01 2.1165304e+00
2.6031746e-01 2.2954423e+00
2.6054422e-01 2.2040518e+00
2.6077098e-01 1.9259728e+00
2.6099773e-01 1.7156218e+00
2.6122449e-01 1.7654506e+00
2.6145125e-01 2.0298704e+00
2.6167800e-01 2.2669615e+00
2.6190476e-01 2.2598076e+00
2.6213152e-01 2.0149538e+00
2.6235828e-01 1.7564186e+00
2.6258503e-01 1.7207379e+00
2.6281179e-01 1.9405562e+00
2.6303855e-01 2.2147601e+00
2.6326531e-01 2.2924784e+00
2.6349206e-01 2.1026060e+00
2.6371882e-01 1.8188587e+00
2.6394558e-01 1.7008389e+00
2.6417234e-01 1.8565238e+00
2.6439909e-01 2.1434762e+00
2.6462585e-01 2.2991611e+00
2.6485261e-01 2.1811413e+00
2.6507937e-01 1.8973940e+00
2.6530612e-01 1.7075216e+00
2.6553288e-01 1.7852399e+00
2.6575964e-01 2.0594438e+00
2.6598639e-01 2.2792621e+00
2.6621315e-01 2.2435814e+00
2.6643991e-01 1.9850462e+00
2.6666667e-01 1.7401924e+00
2.6689342e-01 1.7330385e+00
2.6712018e-01 1.9701296e+00
2.6734694e-01 2.2345494e+00
2.6757370e-01 2.2843782e+00
2.6780045e-01 2.0740272e+00
2.6802721e-01 1.7959482e+00
2.6825397e-01 1.7045577e+00
2.6848073e-01 1.8834696e+00
2.6870748e-01 2.1689960e+00
2.6893424e-01 2.2999068e+00
2.6916100e-01 2.1564306e+00
2.6938776e-01 1.8698349e+00
2.6961451e-01 1.7023282e+00
2.6984127e-01 1.8071637e+00
2.7006803e-01 2.0884266e+00
2.7029478e-01 2.2887873e+00
2.7052154e-01 2.2249344e+00
2.7074830e-01 1.9552873e+00
2.7097506e-01 1.7265482e+00
2.7120181e-01 1.7479922e+00
2.7142857e-01 2.0000000e+00
2.7165533e-01 2.2520078e+00
2.7188209e-01 2.2734518e+00
2.7210884e-01 2.0447127e+00
2.7233560e-01 1.7750656e+00
2.7256236e-01 1.7112127e+00
2.7278912e-01 1.9115734e+00
2.7301587e-01 2.1928363e+00
2.7324263e-01 2.2976718e+00
2.7346939e-01 2.1301651e+00
2.7369615e-01 1.8435694e+00
2.7392290e-01 1.7000932e+00
2.7414966e-01 1.8310040e+00
2.7437642e-01 2.1165304e+00
2.7460317e-01 2.2954423e+00
2.7482993e-01 2.2040518e+00
2.7505669e-01 1.9259728e+00
2.7528345e-01 1.7156218e+00
2.7551020e-01 1.7654506e+00
2.7573696e-01 2.0298704e+00
2.7596372e-01 2.2669615e+00
2.7619048e-01 2.2598076e+00
2.7641723e-01 2.0149538e+00
2.7664399e-01 1.7564186e+00
2.7687075e-01 1.7207379e+00
2.7709751e-01 1.9405562e+00
2.7732426e-01 2.2147601e+00
2.7755102e-01 2.2924784e+00
2.7777778e-01 2.1026060e+00
2.7800454e-01 1.8188587e+00
2.7823129e-01 1.7008389e+00
2.7845805e-01 1.8565238e+00
2.7868481e-01 2.1434762e+00
2.7891156e-01 2.2991611e+00
2.7913832e-01 2.1811413e+00
2.7936508e-01 1.8973940e+00
2.7959184e-01 1.7075216e+00
2.7981859e-01 1.7852399e+00
2.8004535e-01 2.0594438e+00
2.8027211e-01 2.2792621e+00
2.8049887e-01 2.2435814e+00
2.8072562e-01 1.9850462e+00
2.8095238e-01 1.7401924e+00
2.8117914e-01 1.7330385e+00
2.8140590e-01 1.9701296e+00
2.8163265e-01 2.2345494e+00
2.8185941e-01 2.2843782e+00
2.8208617e-01 2.0740272e+00
2.8231293e-01 1.7959482e+00
2.8253968e-01 1.7045577e+00
2.8276644e-01 1.8834696e+00
2.8299320e-01 2.1689960e+00
2.8321995e-01 2.2999068e+00
2.8344671e-01 2.1564306e+00
2.8367347e-01 1.8698349e+00
2.8390023e-01 1.7023282e+00
2.8412698e-01 1.8071637e+00
2.8435374e-01 2.0884266e+00
2.8458050e-01 2.2887873e+00
2.8480726e-01 2.2249344e+00
2.8503401e-01 1.9552873e+00
2.8526077e-01 1.7265482e+00
2.8548753e-01 1.7479922e+00
2.8571429e-01 2.0000000e+00
2.8594104e-01 2.2520078e+00
2.8616780e-01 2.2734518e+00
2.8639456e-01 2.0447127e+00
2.8662132e-01 1.7750656e+00
2.8684807e-01 1.7112127e+00
2.8707483e-01 1.9115734e+00
2.8730159e-01 2.1928363e+00
2.8752834e-01 2.2976718e+00
2.8775510e-01 2.1301651e+00
2.8798186e-01 1.8435694e+00
2.8820862e-01 1.7000932e+00
2.8843537e-01 1.8310040e+00
2.8866213e-01 2.1165304e+00
2.8888889e-01 2.2954423e+00
2.8911565e-01 2.2040518e+00
2.8934240e-01 1.9259728e+00
2.8956916e-01 1.7156218e+00
2.8979592e-01 1.7654506e+00
2.9002268e-01 2.0298704e+00
2.9024943e-01 2.2669615e+00
2.9047619e-01 2.2598076e+00
2.9070295e-01 2.0149538e+00
2.9092971e-01 1.7564186e+00
2.9115646e-01 1.7207379e+00
2.9138322e-01 1.9405562e+00
2.9160998e-01 2.2147601e+00
2.9183673e-01 2.2924784e+00
2.9206349e-01 2.1026060e+00
2.9229025e-01 1.8188587e+00
2.9251701e-01 1.7008389e+00
2.9274376e-01 1.8565238e+00
2.9297052e-01 2.1434762e+00
2.9319728e-01 2.2991611e+00
2.9342404e-01 2.1811413e+00
2.9365079e-01 1.8973940e+00
2.9387755e-01 1.7075216e+00
2.9410431e-01 1.7852399e+00
2.9433107e-01 2.0594438e+00
2.9455782e-01 2.2792621e+00
2.9478458e-01 2.2435814e+00
2.9501134e-01 1.9850462e+00
2.9523810e-01 1.7401924e+00
2.9546485e-01 1.7330385e+00
2.9569161e-01 1.9701296e+00
2.9591837e-01 2.2345494e+00
2.9614512e-01 2.2843782e+00
2.9637188e-01 2.0740272e+00
2.9659864e-01 1.7959482e+00
2.9682540e-01 1.7045577e+00
2.9705215e-01 1.8834696e+00
2.9727891e-01 2.1689960e+00
2.9750567e-01 2.2999068e+00
2.9773243e-01 2.1564306e+00
2.9795918e-01 1.8698349e+00
2.9818594e-01 1.7023282e+00
2.9841270e-01 1.8071637e+00
2.9863946e-01 2.0884266e+00
2.9886621e-01 2.2887873e+00
2.9909297e-01 2.2249344e+00
2.9931973e-01 1.9552873e+00
2.9954649e-01 1.7265482e+00
2.9977324e-01 1.7479922e+00
3.0000000e-01 2.0000000e+00
3.0022676e-01 2.2520078e+00
3.0045351e-01 2.2734518e+00
3.0068027e-01 2.0447127e+00
3.0090703e-01 1.7750656e+00
3.0113379e-01 1.7112127e+00
3.0136054e-01 1.9115734e+00
3.0158730e-01 2.1928363e+00
3.0181406e-01 2.2976718e+00
3.0204082e-01 2.1301651e+00
3.0226757e-01 1.8435694e+00
3.0249433e-01 1.7000932e+00
3.0272109e-01 1.8310040e+00
3.0294785e-01 2.1165304e+00
3.0317460e-01 2.2954423e+00
3.0340136e-01 2.2040518e+00
3.0362812e-01 1.9259728e+00
3.0385488e-01 1.7156218e+00
3.0408163e-01 1.7654506e+00
3.0430839e-01 2.0298704e+00
3.0453515e-01 2.2669615e+00
3.0476190e-01 2.2598076e+00
3.0498866e-01 2.0149538e+00
3.0521542e-01 1.7564186e+00
3.0544218e-01 1.7207379e+00
3.0566893e-01 1.9405562e+00
3.0589569e-01 2.2147601e+00
3.0612245e-01 2.2924784e+00
3.0634921e-01 2.1026060e+00
3.0657596e-01 1.8188587e+00
3.0680272e-01 1.7008389e+00
3.0702948e-01 1.8565238e+00
3.0725624e-01 2.1434762e+00
3.0748299e-01 2.2991611e+00
3.0770975e-01 2.1811413e+00
3.0793651e-01 1.8973940e+00
3.0816327e-01 1.7075216e+00
3.0839002e-01 1.7852399e+00
3.0861678e-01 2.0594438e+00
3.0884354e-01 2.2792621e+00
3.0907029e-01 2.2435814e+00
3.0929705e-01 1.9850462e+00
3.0952381e-01 1.7401924e+00
3.0975057e-01 1.7330385e+00
3.0997732e-01 1.9701296e+00
3.1020408e-01 2.2345494e+00
3.1043084e-01 2.2843782e+00
3.1065760e-01 2.0740272e+00
3.1088435e-01 1.7959482e+00
3.1111111e-01 1.7045577e+00
3.1133787e-01 1.8834696e+00
3.1156463e-01 2.1689960e+00
3.1179138e-01 2.2999068e+00
3.1201814e-01 2.1564306e+00
3.1224490e-01 1.8698349e+00
3.1247166e-01 1.7023282e+00
3.1269841e-01 1.8071637e+00
3.1292517e-01 2.0884266e+00
3.1315193e-01 2.2887873e+00
3.1337868e-01 2.2249344e+00
3.1360544e-01 1.9552873e+00
3.1383220e-01 1.7265482e+00
3.1405896e-01 1.7479922e+00
3.1428571e-01 2.0000000e+00
3.1451247e-01 2.2520078e+00
3.1473923e-01 2.2734518e+00
3.1496599e-01 2.0447127e+00
3.1519274e-01 1.7750656e+00
3.1541950e-01 1.7112127e+00
3.1564626e-01 1.9115734e+00
3.1587302e-01 2.1928363e+00
3.1609977e-01 2.2976718e+00
3.1632653e-01 2.1301651e+00
3.1655329e-01 1.8435694e+00
3.1678005e-01 1.7000932e+00
3.1700680e-01 1.8310040e+00
3.1723356e-01 2.1165304e+00
3.1746032e-01 2.2954423e+00
3.1768707e-01 2.2040518e+00
3.1791383e-01 1.9259728e+00
3.1814059e-01 1.7156218e+00
3.1836735e-01 1.7654506e+00
3.1859410e-01 2.0298704e+00
3.1882086e-01 2.2669615e+00
3.1904762e-01 2.2598076e+00
3.1927438e-01 2.0149538e+00
3.1950113e-01 1.7564186e+00
3.1972789e-01 1.7207379e+00
3.1995465e-01 1.9405562e+00
3.2018141e-01 2.2147601e+00
3.2040816e-01 2.2924784e+00
3.2063492e-01 2.1026060e+00
3.2086168e-01 1.8188587e+00
3.2108844e-01 1.7008389e+00
3.2131519e-01 1.8565238e+00
3.2154195e-01 2.1434762e+00
3.2176871e-01 2.2991611e+00
3.2199546e-01 2.1811413e+00
3.2222222e-01 1.8973940e+00
3.2244898e-01 1.7075216e+00
3.2267574e-01 1.7852399e+00
3.2290249e-01 2.0594438e+00
3.2312925e-01 2.2792621e+00
3.2335601e-01 2.2435814e+00
3.2358277e-01 1.9850462e+00
3.2380952e-01 1.7401924e+00
3.2403628e-01 1.7330385e+00
3.2426304e-01 1.9701296e+00
3.2448980e-01 2.2345494e+00
3.2471655e-01 2.2843782e+00
3.2494331e-01 2.0740272e+00
3.2517007e-01 1.7959482e+00
3.2539683e-01 1.7045577e+00
3.2562358e-01 1.8834696e+00
3.2585034e-01 2.1689960e+00
3.2607710e-01 2.2999068e+00
3.2630385e-01 2.1564306e+00
3.2653061e-01 1.8698349e+00
3.2675737e-01 1.7023282e+00
3.2698413e-01 1.8071637e+00
3.2721088e-01 2.0884266e+00
3.2743764e-01 2.2887873e+00
3.2766440e-01 2.2249344e+00
3.2789116e-01 1.9552873e+00
3.2811791e-01 1.7265482e+00
3.2834467e-01 1.7479922e+00
3.2857143e-01 2.0000000e+00
3.2879819e-01 2.2520078e+00
3.2902494e-01 2.2734518e+00
3.2925170e-01 2.0447127e+00
3.2947846e-01 1.7750656e+00
3.2970522e-01 1.7112127e+00
3.2993197e-01 1.9115734e+00
3.3015873e-01 2.1928363e+00
3.3038549e-01 2.2976718e+00
3.3061224e-01 2.1301651e+00
3.3083900e-01 1.8435694e+00
3.3106576e-01 1.7000932e+00
3.3129252e-01 1.8310040e+00
3.3151927e-01 2.1165304e+00
3.3174603e-01 2.2954423e+00
3.3197279e-01 2.2040518e+00
3.3219955e-01 1.9259728e+00
3.3242630e-01 1.7156218e+00
3.3265306e-01 1.7654506e+00
3.3287982e-01 2.0298704e+00
3.3310658e-01 2.2669615e+00
3.3333333e-01 2.2598076e+00
3.3356009e-01 2.0149538e+00
3.3378685e-01 1.7564186e+00
3.3401361e-01 1.7207379e+00
3.3424036e-01 1.9405562e+00
3.3446712e-01 2.2147601e+00
3.3469388e-01 2.2924784e+00
3.3492063e-01 2.1026060e+00
3.3514739e-01 1.8188587e+00
3.3537415e-01 1.7008389e+00
3.3560091e-01 1.8565238e+00
3.3582766e-01 2.1434762e+00
3.3605442e-01 2.2991611e+00
3.3628118e-01 2.1811413e+00
3.3650794e-01 1.8973940e+00
3.3673469e-01 1.7075216e+00
3.3696145e-01 1.7852399e+00
3.3718821e-01 2.0594438e+00
3.3741497e-01 2.2792621e+00
3.3764172e-01 2.2435814e+00
3.3786848e-01 1.9850462e+00
3.3809524e-01 1.7401924e+00
3.3832200e-01 1.7330385e+00
3.3854875e-01 1.9701296e+00
3.3877551e-01 2.2345494e+00
3.3900227e-01 2.2843782e+00
3.3922902e-01 2.0740272e+00
3.3945578e-01 1.7959482e+00
3.3968254e-01 1.7045577e+00
3.3990930e-01 1.8834696e+00
3.4013605e-01 2.1689960e+00
3.4036281e-01 2.2999068e+00
3.4058957e-01 2.1564306e+00
3.4081633e-01 1.8698349e+00
3.4104308e-01 1.7023282e+00
3.4126984e-01 1.8071637e+00
3.4149660e-01 2.0884266e+00
3.4172336e-01 2.2887873e+00
3.4195011e-01 2.2249344e+00
3.4217687e-01 1.9552873e+00
3.4240363e-01 1.7265482e+00
3.4263039e-01 1.7479922e+00
3.4285714e-01 2.0000000e+00
3.4308390e-01 2.2520078e+00
3.4331066e-01 2.2734518e+00
3.4353741e-01 2.0447127e+00
3.4376417e-01 1.7750656e+00
3.4399093e-01 1.7112127e+00
3.4421769e-01 1.9115734e+00
3.4444444e-01 2.1928363e+00
3.4467120e-01 2.2976718e+00
3.4489796e-01 2.1301651e+00
3.4512472e-01 1.8435694e+00
3.4535147e-01 1.7000932e+00
3.4557823e-01 1.8310040e+00
3.4580499e-01 2.1165304e+00
3.4603175e-01 2.2954423e+00
3.4625850e-01 2.2040518e+00
3.4648526e-01 1.9259728e+00
3.4671202e-01 1.7156218e+00
3.4693878e-01 1.7654506e+00
3.4716553e-01 2.0298704e+00
3.4739229e-01 2.2669615e+00
3.4761905e-01 2.2598076e+00
3.4784580e-01 2.0149538e+00
3.4807256e-01 1.7564186e+00
3.4829932e-01 1.7207379e+00
3.4852608e-01 1.9405562e+00
3.4875283e-01 2.2147601e+00
3.4897959e-01 2.2924784e+00
3.4920635e-01 2.1026060e+00
3.4943311e-01 1.8188587e+00
3.4965986e-01 1.7008389e+00
3.4988662e-01 1.8565238e+00
3.5011338e-01 2.1434762e+00
3.5034014e-01 2.2991611e+00
3.5056689e-01 2.1811413e+00
3.5079365e-01 1.8973940e+00
3.5102041e-01 1.7075216e+00
3.5124717e-01 1.7852399e+00
3.5147392e-01 2.0594438e+00
3.5170068e-01 2.2792621e+00
3.5192744e-01 2.2435814e+00
3.5215420e-01 1.9850462e+00
3.5238095e-01 1.7401924e+00
3.5260771e-01 1.7330385e+00
3.5283447e-01 1.9701296e+00
3.5306122e-01 2.2345494e+00
3.5328798e-01 2.2843782e+00
3.5351474e-01 2.0740272e+00
3.5374150e-01 1.7959482e+00
3.5396825e-01 1.7045577e+00
3.5419501e-01 1.8834696e+00
3.5442177e-01 2.1689960e+00
3.5464853e-01 2.2999068e+00
3.5487528e-01 2.1564306e+00
3.5510204e-01 1.8698349e+00
3.5532880e-01 1.7023282e+00
3.5555556e-01 1.8071637e+00
3.5578231e-01 2.0884266e+00
3.5600907e-01 2.2887873e+00
3.5623583e-01 2.2249344e+00
3.5646259e-01 1.9552873e+00
3.5668934e-01 1.7265482e+00
3.5691610e-01 1.7479922e+00
3.5714286e-01 2.0000000e+00
3.5736961e-01 2.2520078e+00
3.5759637e-01 2.2734518e+00
3.5782313e-01 2.0447127e+00
3.5804989e-01 1.7750656e+00
3.5827664e-01 1.7112127e+00
3.5850340e-01 1.9115734e+00
3.5873016e-01 2.1928363e+00
3.5895692e-01 2.2976718e+00
3.5918367e-01 2.1301651e+00
3.5941043e-01 1.8435694e+00
3.5963719e-01 1.7000932e+00
3.5986395e-01 1.8310040e+00
3.6009070e-01 2.1165304e+00
3.6031746e-01 2.2954423e+00
3.6054422e-01 2.2040518e+00
3.6077098e-01 1.9259728e+00
3.6099773e-01 1.7156218e+00
3.6122449e-01 1.7654506e+00
3.6145125e-01 2.0298704e+00
3.6167800e-01 2.2669615e+00
3.6190476e-01 2.2598076e+00
3.6213152e-01 2.0149538e+00
3.6235828e-01 1.7564186e+00
3.6258503e-01 1.7207379e+00
3.6281179e-01 1.9405562e+00
3.6303855e-01 2.2147601e+00
3.6326531e-01 2.2924784e+00
3.6349206e-01 2.1026060e+00
3.6371882e-01 1.8188587e+00
3.6394558e-01 1.7008389e+00
3.6417234e-01 1.8565238e+00
3.6439909e-01 2.1434762e+00
3.6462585e-01 2.2991611e+00
3.6485261e-01 2.1811413e+00
3.6507937e-01 1.8973940e+00
3.6530612e-01 1.7075216e+00
3.6553288e-01 1.7852399e+00
3.6575964e-01 2.0594438e+00
3.6598639e-01 2.2792621e+00
3.6621315e-01 2.2435814e+00
3.6643991e-01 1.9850462e+00
3.6666667e-01 1.7401924e+00
3.6689342e-01 1.7330385e+00
3.6712018e-01 1.9701296e+00
3.6734694e-01 2.2345494e+00
3.6757370e-01 2.2843782e+00
3.6780045e-01 2.0740272e+00
3.6802721e-01 1.7959482e+00
3.6825397e-01 1.7045577e+00
3.6848073e-01 1.8834696e+00
3.6870748e-01 2.1689960e+00
3.6893424e-01 2.2999068e+00
3.6916100e-01 2.1564306e+00
3.6938776e-01 1.8698349e+00
3.6961451e-01 1.7023282e+00
3.6984127e-01 1.8071637e+00
3.7006803e-01 2.0884266e+00
3.7029478e-01 2.2887873e+00
3.7052154e-01 2.2249344e+00
3.7074830e-01 1.9552873e+00
3.7097506e-01 1.7265482e+00
3.7120181e-01 1.7479922e+00
3.7142857e-01 2.0000000e+00
3.7165533e-01 2.2520078e+00
3.7188209e-01 2.2734518e+00
3.7210884e-01 2.0447127e+00
3.7233560e-01 1.7750656e+00
3.7256236e-01 1.7112127e+00
3.7278912e-01 1.9115734e+00
3.7301587e-01 2.1928363e+00
3.7324263e-01 2.2976718e+00
3.7346939e-01 2.1301651e+00
3.7369615e-01 1.8435694e+00
3.7392290e-01 1.7000932e+00
3.7414966e-01 1.8310040e+00
3.7437642e-01 2.1165304e+00
3.7460317e-01 2.2954423e+00
3.7482993e-01 2.2040518e+00
3.7505669e-01 1.9259728e+00
3.7528345e-01 1.7156218e+00
3.7551020e-01 1.7654506e+00
3.7573696e-01 2.0298704e+00
3.7596372e-01 2.2669615e+00
3.7619048e-01 2.2598076e+00
3.7641723e-01 2.0149538e+00
3.7664399e-01 1.7564186e+00
3.7687075e-01 1.7207379e+00
3.7709751e-01 1.9405562e+00
3.7732426e-01 2.2147601e+00
3.7755102e-01 2.2924784e+00
3.7777778e-01 2.1026060e+00
3.7800454e-01 1.8188587e+00
3.7823129e-01 1.7008389e+00
3.7845805e-01 1.8565238e+00
3.7868481e-01 2.1434762e+00
3.7891156e-01 2.2991611e+00
3.7913832e-01 2.1811413e+00
3.7936508e-01 1.8973940e+00
3.7959184e-01 1.7075216e+00
3.7981859e-01 1.7852399e+00
3.8004535e-01 2.0594438e+00
3.8027211e-01 2.2792621e+00
3.8049887e-01 2.2435814e+00
3.8072562e-01 1.9850462e+00
3.8095238e-01 1.7401924e+00
3.8117914e-01 1.7330385e+00
3.8140590e-01 1.9701296e+00
3.8163265e-01 2.2345494e+00
3.8185941e-01 2.2843782e+00
3.8208617e-01 2.0740272e+00
3.8231293e-01 1.7959482e+00
3.8253968e-01 1.7045577e+00
3.8276644e-01 1.8834696e+00
3.8299320e-01 2.1689960e+00
3.8321995e-01 2.2999068e+00
3.8344671e-01 2.1564306e+00
3.8367347e-01 1.8698349e+00
3.8390023e-01 1.7023282e+00
3.8412698e-01 1.8071637e+00
3.8435374e-01 2.0884266e+00
3.8458050e-01 2.2887873e+00
3.8480726e-01 2.2249344e+00
3.8503401e-01 1.9552873e+00
3.8526077e-01 1.7265482e+00
3.8548753e-01 1.7479922e+00
3.8571429e-01 2.0000000e+00
3.8594104e-01 2.2520078e+00
3.8616780e-01 2.2734518e+00
3.8639456e-01 2.0447127e+00
3.8662132e-01 1.7750656e+00
3.8684807e-01 1.7112127e+00
3.8707483e-01 1.9115734e+00
3.8730159e-01 2.1928363e+00
3.8752834e-01 2.2976718e+00
3.8775510e-01 2.1301651e+00
3.8798186e-01 1.8435694e+00
3.8820862e-01 1.7000932e+00
3.8843537e-01 1.8310040e+00
3.8866213e-01 2.1165304e+00
3.8888889e-01 2.2954423e+00
3.8911565e-01 2.2040518e+00
3.8934240e-01 1.9259728e+00
3.8956916e-01 1.7156218e+00
3.8979592e-01 1.7654506e+00
3.9002268e-01 2.0298704e+00
3.9024943e-01 2.2669615e+00
3.9047619e-01 2.2598076e+00
3.9070295e-01 2.0149538e+00
3.9092971e-01 1.7564186e+00
3.9115646e-01 1.7207379e+00
3.9138322e-01 1.9405562e+00
3.9160998e-01 2.2147601e+00
3.9183673e-01 2.2924784e+00
3.9206349e-01 2.1026060e+00
3.9229025e-01 1.8188587e+00
3.9251701e-01 1.7008389e+00
3.9274376e-01 1.8565238e+00
3.9297052e-01 2.1434762e+00
3.9319728e-01 2.2991611e+00
3.9342404e-01 2.1811413e+00
3.9365079e-01 1.8973940e+00
3.9387755e-01 1.7075216e+00
3.9410431e-01 1.7852399e+00
3.9433107e-01 2.0594438e+00
3.9455782e-01 2.2792621e+00
3.9478458e-01 2.2435814e+00
3.9501134e-01 1.9850462e+00
3.9523810e-01 1.7401924e+00
3.9546485e-01 1.7330385e+00
3.9569161e-01 1.9701296e+00
3.9591837e-01 2.2345494e+00
3.9614512e-01 2.2843782e+00
3.9637188e-01 2.0740272e+00
3.9659864e-01 1.7959482e+00
3.9682540e-01 1.7045577e+00
3.9705215e-01 1.8834696e+00
3.9727891e-01 2.1689960e+00
3.9750567e-01 2.2999068e+00
3.9773243e-01 2.1564306e+00
3.9795918e-01 1.8698349e+00
3.9818594e-01 1.7023282e+00
3.9841270e-01 1.8071637e+00
3.9863946e-01 2.0884266e+00
3.9886621e-01 2.2887873e+00
3.9909297e-01 2.2249344e+00
3.9931973e-01 1.9552873e+00
3.9954649e-01 1.7265482e+00
3.9977324e-01 1.7479922e+00
4.0000000e-01 2.0000000e+00
4.0022676e-01 2.2519615e+00
4.0045351e-01 2.2732404e+00
4.0068027e-01 2.0446336e+00
4.0090703e-01 1.7757786e+00
4.0113379e-01 1.7126493e+00
4.0136054e-01 1.9122086e+00
4.0158730e-01 2.1909483e+00
4.0181406e-01 2.2938621e+00
4.0204082e-01 2.1280562e+00
4.0226757e-01 1.8466978e+00
4.0249433e-01 1.7073468e+00
4.0272109e-01 1.8358644e+00
4.0294785e-01 2.1126012e+00
4.0317460e-01 2.2839037e+00
4.0340136e-01 2.1949169e+00
4.0362812e-01 1.9297371e+00
4.0385488e-01 1.7319160e+00
4.0408163e-01 1.7804864e+00
4.0430839e-01 2.0277416e+00
4.0453515e-01 2.2459307e+00
4.0476190e-01 2.2372999e+00
4.0498866e-01 2.0135358e+00
4.0521542e-01 1.7815906e+00
4.0544218e-01 1.7520665e+00
4.0566893e-01 1.9477691e+00
4.0589569e-01 2.1866680e+00
4.0612245e-01 2.2513640e+00
4.0634921e-01 2.0871504e+00
4.0657596e-01 1.8480175e+00
4.0680272e-01 1.7521722e+00
4.0702948e-01 1.8827048e+00
4.0725624e-01 2.1156964e+00
4.0748299e-01 2.2378294e+00
4.0770975e-01 2.1418979e+00
4.0793651e-01 1.9208403e+00
4.0816327e-01 1.7778896e+00
4.0839002e-01 1.8395500e+00
4.0861678e-01 2.0436684e+00
4.0884354e-01 2.2016077e+00
4.0907029e-01 2.1727145e+00
4.0929705e-01 1.9895918e+00
4.0952381e-01 1.8225959e+00
4.0975057e-01 1.8212738e+00
4.0997732e-01 1.9804051e+00
4.1020408e-01 2.1506721e+00
4.1043084e-01 2.1787781e+00
4.1065760e-01 2.0455143e+00
4.1088435e-01 1.8773836e+00
4.1111111e-01 1.8266043e+00
4.1133787e-01 1.9332484e+00
4.1156463e-01 2.0944162e+00
4.1179138e-01 2.1633008e+00
4.1201814e-01 2.0829528e+00
4.1224490e-01 1.9328295e+00
4.1247166e-01 1.8506335e+00
4.1269841e-01 1.9059878e+00
4.1292517e-01 2.0418500e+00
4.1315193e-01 2.1325669e+00
4.1337868e-01 2.1000627e+00
4.1360544e-01 1.9807421e+00
4.1383220e-01 1.8860770e+00
4.1405896e-01 1.8985452e+00
4.1428571e-01 2.0000000e+00
4.1451247e-01 2.0944488e+00
4.1473923e-01 2.0987248e+00
4.1496599e-01 2.0155328e+00
4.1519274e-01 1.9249000e+00
4.1541950e-01 1.9074453e+00
4.1564626e-01 1.9728301e+00
4.1587302e-01 2.0567288e+00
4.1609977e-01 2.0837262e+00
4.1632653e-01 2.0349542e+00
4.1655329e-01 1.9599549e+00
4.1678005e-01 1.9269288e+00
4.1700680e-01 1.9608759e+00
4.1723356e-01 2.0255889e+00
4.1746032e-01 2.0614220e+00
4.1768707e-01 2.0400849e+00
4.1791383e-01 1.9862873e+00
4.1814059e-01 1.9504364e+00
4.1836735e-01 1.9616273e+00
4.1859410e-01 2.0045758e+00
4.1882086e-01 2.0381915e+00
4.1904762e-01 2.0346116e+00
4.1927438e-01 2.0018495e+00
4.1950113e-01 1.9721237e+00
4.1972789e-01 1.9705317e+00
4.1995465e-01 1.9942386e+00
4.2018141e-01 2.0190381e+00
4.2040816e-01 2.0236059e+00
4.2063492e-01 2.0075018e+00
4.2086168e-01 1.9880695e+00
4.2108844e-01 1.9823597e+00
4.2131519e-01 1.9924779e+00
4.2154195e-01 2.0066363e+00
4.2176871e-01 2.0121006e+00
4.2199546e-01 2.0063431e+00
4.2222222e-01 1.9969255e+00
4.2244898e-01 1.9926022e+00
4.2267574e-01 1.9954881e+00
4.2290249e-01 2.0010173e+00
4.2312925e-01 2.0038013e+00
4.2335601e-01 2.0025589e+00
4.2358277e-01 1.9998834e+00
4.2380952e-01 1.9985740e+00
4.2403628e-01 1.9990435e+00
4.2426304e-01 1.9999378e+00
4.2448980e-01 2.0002308e+00
4.2471655e-01 2.0000833e+00
4.2494331e-01 2.0000006e+00
4.2517007e-01 2.0000000e+00
4.2539683e-01 2.0000000e+00
4.2562358e-01 2.0000000e+00
4.2585034e-01 2.0000000e+00
4.2607710e-01 2.0000000e+00
4.2630385e-01 2.0000000e+00
4.2653061e-01 2.0000000e+00
4.2675737e-01 2.0000000e+00
4.2698413e-01 2.0000000e+00
4.2721088e-01 2.0000000e+00
4.2743764e-01 2.0000000e+00
4.2766440e-01 2.0000000e+00
4.2789116e-01 2.0000000e+00
4.2811791e-01 2.0000000e+00
4.2834467e-01 2.0000000e+00
4.2857143e-01 2.0000000e+00
4.2879819e-01 2.0000000e+00
4.2902494e-01 2.0000000e+00
4.2925170e-01 2.0000000e+00
4.2947846e-01 2.0000000e+00
4.2970522e-01 2.0000000e+00
4.2993197e-01 2.0000000e+00
4.3015873e-01 2.0000000e+00
4.3038549e-01 2.0000000e+00
4.3061224e-01 2.0000000e+00
4.3083900e-01 2.0000000e+00
4.3106576e-01 2.0000000e+00
4.3129252e-01 2.0000000e+00
4.3151927e-01 2.0000000e+00
4.3174603e-01 2.0000000e+00
4.3197279e-01 2.0000000e+00
4.3219955e-01 2.0000000e+00
4.3242630e-01 2.0000000e+00
4.3265306e-01 2.0000000e+00
4.3287982e-01 2.0000000e+00
4.3310658e-01 2.0000000e+00
4.3333333e-01 2.0000000e+00
4.3356009e-01 2.0000000e+00
4.3378685e-01 2.0000000e+00
4.3401361e-01 2.0000000e+00
4.3424036e-01 2.0000000e+00
4.3446712e-01 2.0000000e+00
4.3469388e-01 2.0000000e+00
4.3492063e-01 2.0000000e+00
4.3514739e-01 2.0000000e+00
4.3537415e-01 2.0000000e+00
4.3560091e-01 2.0000000e+00
4.3582766e-01 2.0000000e+00
4.3605442e-01 2.0000000e+00
4.3628118e-01 2.0000000e+00
4.3650794e-01 2.0000000e+00
4.3673469e-01 2.0000000e+00
4.3696145e-01 2.0000000e+00
4.3718821e-01 2.0000000e+00
4.3741497e-01 2.0000000e+00
4.3764172e-01 2.0000000e+00
4.3786848e-01 2.0000000e+00
4.3809524e-01 2.0000000e+00
4.3832200e-01 2.0000000e+00
4.3854875e-01 2.0000000e+00
4.3877551e-01 2.0000000e+00
4.3900227e-01 2.0000000e+00
4.3922902e-01 2.0000000e+00
4.3945578e-01 2.0000000e+00
4.3968254e-01 2.0000000e+00
4.3990930e-01 2.0000000e+00
4.4013605e-01 2.0000000e+00
4.4036281e-01 2.0000000e+00
4.4058957e-01 2.0000000e+00
4.4081633e-01 2.0000000e+00
4.4104308e-01 2.0000000e+00
4.4126984e-01 2.0000000e+00
4.4149660e-01 2.0000000e+00
4.4172336e-01 2.0000000e+00
4.4195011e-01 2.0000000e+00
4.4217687e-01 2.0000000e+00
4.4240363e-01 2.0000000e+00
4.4263039e-01 2.0000000e+00
4.4285714e-01 2.0000000e+00
4.4308390e-01 2.0000000e+00
4.4331066e-01 2.0000000e+00
4.4353741e-01 2.0000000e+00
4.4376417e-01 2.0000000e+00
4.4399093e-01 2.0000000e+00
4.4421769e-01 2.0000000e+00
4.4444444e-01 2.0000000e+00
4.4467120e-01 2.0000000e+00
4.4489796e-01 2.0000000e+00
4.4512472e-01 2.0000000e+00
4.4535147e-01 2.0000000e+00
4.4557823e-01 2.0000000e+00
4.4580499e-01 2.0000000e+00
4.4603175e-01 2.0000000e+00
4.4625850e-01 2.0000000e+00
4.4648526e-01 2.0000000e+00
4.4671202e-01 2.0000000e+00
4.4693878e-01 2.0000000e+00
4.4716553e-01 2.0000000e+00
4.4739229e-01 2.0000000e+00
4.4761905e-01 2.0000000e+00
4.4784580e-01 2.0000000e+00
4.4807256e-01 2.0000000e+00
4.4829932e-01 2.0000000e+00
4.4852608e-01 2.0000000e+00
4.4875283e-01 2.0000000e+00
4.4897959e-01 2.0000000e+00
4.4920635e-01 2.0000000e+00
4.4943311e-01 2.0000000e+00
4.4965986e-01 2.0000000e+00
4.4988662e-01 2.0000000e+00
4.5011338e-01 2.0000000e+00
4.5034014e-01 2.0000000e+00
4.5056689e-01 2.0000000e+00
4.5079365e-01 2.0000000e+00
4.5102041e-01 2.0000000e+00
4.5124717e-01 2.0000000e+00
4.5147392e-01 2.0000000e+00
4.5170068e-01 2.0000000e+00
4.5192744e-01 2.0000000e+00
4.5215420e-01 2.0000000e+00
4.5238095e-01 2.0000000e+00
4.5260771e-01 2.0000000e+00
4.5283447e-01 2.0000000e+00
4.5306122e-01 2.0000000e+00
4.5328798e-01 2.0000000e+00
4.5351474e-01 2.0000000e+00
4.5374150e-01 2.0000000e+00
4.5396825e-01 2.0000000e+00
4.5419501e-01 2.0000000e+00
4.5442177e-01 2.0000000e+00
4.5464853e-01 2.0000000e+00
4.5487528e-01 2.0000000e+00
4.5510204e-01 2.0000000e+00
4.5532880e-01 2.0000000e+00
4.5555556e-01 2.0000000e+00
4.5578231e-01 2.0000000e+00
4.5600907e-01 2.0000000e+00
4.5623583e-01 2.0000000e+00
4.5646259e-01 2.0000000e+00
4.5668934e-01 2.0000000e+00
4.5691610e-01 2.0000000e+00
4.5714286e-01 2.0000000e+00
4.5736961e-01 2.0000000e+00
4.5759637e-01 2.0000000e+00
4.5782313e-01 2.0000000e+00
4.5804989e-01 2.0000000e+00
4.5827664e-01 2.0000000e+00
4.5850340e-01 2.0000000e+00
4.5873016e-01 2.0000000e+00
4.5895692e-01 2.0000000e+00
4.5918367e-01 2.0000000e+00
4.5941043e-01 2.0000000e+00
4.5963719e-01 2.0000000e+00
4.5986395e-01 2.0000000e+00
4.6009070e-01 2.0000000e+00
4.6031746e-01 2.0000000e+00
4.6054422e-01 2.0000000e+00
4.6077098e-01 2.0000000e+00
4.6099773e-01 2.0000000e+00
4.6122449e-01 2.0000000e+00
4.6145125e-01 2.0000000e+00
4.6167800e-01 2.0000000e+00
4.6190476e-01 2.0000000e+00
4.6213152e-01 2.0000000e+00
4.6235828e-01 2.0000000e+00
4.6258503e-01 2.0000000e+00
4.6281179e-01 2.0000000e+00
4.6303855e-01 2.0000000e+00
4.6326531e-01 2.0000000e+00
4.6349206e-01 2.0000000e+00
4.6371882e-01 2.0000000e+00
4.6394558e-01 2.0000000e+00
4.6417234e-01 2.0000000e+00
4.6439909e-01 2.0000000e+00
4.6462585e-01 2.0000000e+00
4.6485261e-01 2.0000000e+00
4.6507937e-01 2.0000000e+00
4.6530612e-01 2.0000000e+00
4.6553288e-01 2.0000000e+00
4.6575964e-01 2.0000000e+00
4.6598639e-01 2.0000000e+00
4.6621315e-01 2.0000000e+00
4.6643991e-01 2.0000000e+00
4.6666667e-01 2.0000000e+00
4.6689342e-01 2.0000000e+00
4.6712018e-01 2.0000000e+00
4.6734694e-01 2.0000000e+00
4.6757370e-01 2.0000000e+00
4.6780045e-01 2.0000000e+00
4.6802721e-01 2.0000000e+00
4.6825397e-01 2.0000000e+00
4.6848073e-01 2.0000000e+00
4.6870748e-01 2.0000000e+00
4.6893424e-01 2.0000000e+00
4.6916100e-01 2.0000000e+00
4.6938776e-01 2.0000000e+00
4.6961451e-01 2.0000000e+00
4.6984127e-01 2.0000000e+00
4.7006803e-01 2.0000000e+00
4.7029478e-01 2.0000000e+00
4.7052154e-01 2.0000000e+00
4.7074830e-01 2.0000000e+00
4.7097506e-01 2.0000000e+00
4.7120181e-01 2.0000000e+00
4.7142857e-01 2.0000000e+00
4.7165533e-01 2.0000000e+00
4.7188209e-01 2.0000000e+00
4.7210884e-01 2.0000000e+00
4.7233560e-01 2.0000000e+00
4.7256236e-01 2.0000000e+00
4.7278912e-01 2.0000000e+00
4.7301587e-01 2.0000000e+00
4.7324263e-01 2.0000000e+00
4.7346939e-01 2.0000000e+00
4.7369615e-01 2.0000000e+00
4.7392290e-01 2.0000000e+00
4.7414966e-01 2.0000000e+00
4.7437642e-01 2.0000000e+00
4.7460317e-01 2.0000000e+00
4.7482993e-01 2.0000000e+00
4.7505669e-01 2.0000000e+00
4.7528345e-01 2.0000000e+00
4.7551020e-01 2.0000000e+00
4.7573696e-01 2.0000000e+00
4.7596372e-01 2.0000000e+00
4.7619048e-01 2.0000000e+00
4.7641723e-01 2.0000000e+00
4.7664399e-01 2.0000000e+00
4.7687075e-01 2.0000000e+00
4.7709751e-01 2.0000000e+00
4.7732426e-01 2.0000000e+00
4.7755102e-01 2.0000000e+00
4.7777778e-01 2.0000000e+00
4.7800454e-01 2.0000000e+00
4.7823129e-01 2.0000000e+00
4.7845805e-01 2.0000000e+00
4.7868481e-01 2.0000000e+00
4.7891156e-01 2.0000000e+00
4.7913832e-01 2.0000000e+00
4.7936508e-01 2.0000000e+00
4.7959184e-01 2.0000000e+00
4.7981859e-01 2.0000000e+00
4.8004535e-01 2.0000000e+00
4.8027211e-01 2.0000000e+00
4.8049887e-01 2.0000000e+00
4.8072562e-01 2.0000000e+00
4.8095238e-01 2.0000000e+00
4.8117914e-01 2.0000000e+00
4.8140590e-01 2.0000000e+00
4.8163265e-01 2.0000000e+00
4.8185941e-01 2.0000000e+00
4.8208617e-01 2.0000000e+00
4.8231293e-01 2.0000000e+00
4.8253968e-01 2.0000000e+00
4.8276644e-01 2.0000000e+00
4.8299320e-01 2.0000000e+00
4.8321995e-01 2.0000000e+00
4.8344671e-01 2.0000000e+00
4.8367347e-01 2.0000000e+00
4.8390023e-01 2.0000000e+00
4.8412698e-01 2.0000000e+00
4.8435374e-01 2.0000000e+00
4.8458050e-01 2.0000000e+00
4.8480726e-01 2.0000000e+00
4.8503401e-01 2.0000000e+00
4.8526077e-01 2.0000000e+00
4.8548753e-01 2.0000000e+00
4.8571429e-01 2.0000000e+00
4.8594104e-01 2.0000000e+00
4.8616780e-01 2.0000000e+00
4.8639456e-01 2.0000000e+00
4.8662132e-01 2.0000000e+00
4.8684807e-01 2.0000000e+00
4.8707483e-01 2.0000000e+00
4.8730159e-01 2.0000000e+00
4.8752834e-01 2.0000000e+00
4.8775510e-01 2.0000000e+00
4.8798186e-01 2.0000000e+00
4.8820862e-01 2.0000000e+00
4.8843537e-01 2.0000000e+00
4.8866213e-01 2.0000000e+00
4.8888889e-01 2.0000000e+00
4.8911565e-01 2.0000000e+00
4.8934240e-01 2.0000000e+00
4.8956916e-01 2.0000000e+00
4.8979592e-01 2.0000000e+00
4.9002268e-01 2.0000000e+00
4.9024943e-01 2.0000000e+00
4.9047619e-01 2.0000000e+00
4.9070295e-01 2.0000000e+00
4.9092971e-01 2.0000000e+00
4.9115646e-01 2.0000000e+00
4.9138322e-01 2.0000000e+00
4.9160998e-01 2.0000000e+00
4.9183673e-01 2.0000000e+00
4.9206349e-01 2.0000000e+00
4.9229025e-01 2.0000000e+00
4.9251701e-01 2.0000000e+00
4.9274376e-01 2.0000000e+00
4.9297052e-01 2.0000000e+00
4.9319728e-01 2.0000000e+00
4.9342404e-01 2.0000000e+00
4.9365079e-01 2.0000000e+00
4.9387755e-01 2.0000000e+00
4.9410431e-01 2.0000000e+00
4.9433107e-01 2.0000000e+00
4.9455782e-01 2.0000000e+00
4.9478458e-01 2.0000000e+00
4.9501134e-01 2.0000000e+00
4.9523810e-01 2.0000000e+00
4.9546485e-01 2.0000000e+00
4.9569161e-01 2.0000000e+00
4.9591837e-01 2.0000000e+00
4.9614512e-01 2.0000000e+00
4.9637188e-01 2.0000000e+00
4.9659864e-01 2.0000000e+00
4.9682540e-01 2.0000000e+00
4.9705215e-01 2.0000000e+00
4.9727891e-01 2.0000000e+00
4.9750567e-01 2.0000000e+00
4.9773243e-01 2.0000000e+00
4.9795918e-01 2.0000000e+00
4.9818594e-01 2.0000000e+00
4.9841270e-01 2.0000000e+00
4.9863946e-01 2.0000000e+00
4.9886621e-01 2.0000000e+00
4.9909297e-01 2.0000000e+00
4.9931973e-01 2.0000000e+00
4.9954649e-01 2.0000000e+00
4.9977324e-01 2.0000000e+00
5.0000000e-01 2.0000000e+00
