# distribution 1
-9.592988439155446
-12.35358768051734
-14.12215824804049
-10.59869406524109
-8.913523307813289
-9.031412521583256
17.22352791866098
-11.07064295152428
-2.588288023810739
-7.219106718893796
3.145021981640408
1.211210996627837
9.173474936032072
9.72389617125301
-10.08261104345877
-11.87046510016598
-13.94232678697507
-11.35183455062565
2.682905628005253
-9.179154744805935
-13.02507215815187
8.942447636307651
-9.956652519769957
-12.26060634262332
-8.118026834099254
0.510762049489518
-8.027553032700476
-8.135407479987816
-8.307024729367722
1.898261601055651
1.449643386586553
-4.355859232526599
-6.322808396271968
-7.234142579691786
-7.326142638580396
-6.678715750863135
-7.886613814321379


# distribution 2
36.63775648328217
47.96136230800705
31.94116745036459
38.71189979484383
39.41130929199508
41.23690523677271
42.74819498431865
43.0357379947247
39.24809881948818
36.43234902268748
44.58524734184075
34.57703137564743
35.98059874941814
37.82842478315739
38.55589825782981
40.87183060458434
41.77663717025938
44.02142981667517
