0,0,0
0.001,932.63,-17.836
0.002,3821.2,-80.62
0.003,8793.1,-354.74
0.004,16012,-678.02
0.005,25587,-1579
0.006,37741,-2405.7
0.007,52536,-4372.7
0.008,70287,-5994.6
0.009,90976,-9543.6
0.01,1.1505e+005,-12308
0.011,1.4236e+005,-18041
0.012,1.7354e+005,-22359
0.013,2.0829e+005,-30974
0.014,2.4744e+005,-37326
0.015,2.9049e+005,-49629
0.016,3.3855e+005,-58574
0.017,3.9085e+005,-75488
0.018,4.4884e+005,-87674
0.019,5.1143e+005,-1.1026e+005
0.02,5.8045e+005,-1.2643e+005
0.021,6.5444e+005,-1.5589e+005
0.022,7.3571e+005,-1.7691e+005
0.023,8.2232e+005,-2.146e+005
0.024,9.1714e+005,-2.4145e+005
0.025,1.0177e+006,-2.8893e+005
0.026,1.1275e+006,-3.2272e+005
0.027,1.2434e+006,-3.8174e+005
0.028,1.3697e+006,-4.2373e+005
0.029,1.5025e+006,-4.9625e+005
0.03,1.647e+006,-5.4789e+005
0.031,1.7984e+006,-6.3612e+005
0.032,1.9628e+006,-6.9902e+005
0.033,2.1346e+006,-8.0543e+005
0.034,2.321e+006,-8.8143e+005
0.035,2.5151e+006,-1.0088e+006
0.036,2.7255e+006,-1.0999e+006
0.037,2.9441e+006,-1.2514e+006
0.038,3.1808e+006,-1.36e+006
0.039,3.4261e+006,-1.5389e+006
0.04,3.6915e+006,-1.6675e+006
0.041,3.966e+006,-1.8777e+006
0.042,4.2629e+006,-2.0293e+006
0.043,4.5691e+006,-2.2751e+006
0.044,4.892e+006,-2.5436e+006
0.045,5.2412e+006,-2.739e+006
0.046,5.6002e+006,-3.0508e+006
0.047,5.9883e+006,-3.2781e+006
0.048,6.3866e+006,-3.6387e+006
0.049,6.8171e+006,-3.9024e+006
0.05,7.2582e+006,-4.3179e+006
0.051,7.7347e+006,-4.6226e+006
0.052,8.2221e+006,-5.0998e+006
0.053,8.7488e+006,-5.4507e+006
0.054,9.2865e+006,-5.9972e+006
0.055,9.8675e+006,-6.4e+006
0.056,1.046e+007,-7.024e+006
0.057,1.11e+007,-7.4852e+006
0.058,1.1751e+007,-8.1957e+006
0.059,1.2455e+007,-8.7224e+006
0.06,1.317e+007,-9.5294e+006
0.061,1.3943e+007,-1.0129e+007
0.062,1.4728e+007,-1.1044e+007
0.063,1.5576e+007,-1.1726e+007
0.064,1.6436e+007,-1.276e+007
0.065,1.7365e+007,-1.3533e+007
0.066,1.8305e+007,-1.47e+007
0.067,1.9322e+007,-1.5575e+007
0.068,2.035e+007,-1.6889e+007
0.069,2.1461e+007,-1.7877e+007
0.07,2.2583e+007,-1.9355e+007
0.071,2.3796e+007,-2.0469e+007
0.072,2.502e+007,-2.2127e+007
0.073,2.6344e+007,-2.338e+007
0.074,2.7678e+007,-2.5239e+007
0.075,2.912e+007,-2.6647e+007
0.076,3.0572e+007,-2.8726e+007
0.077,3.2143e+007,-3.0305e+007
0.078,3.3722e+007,-3.2628e+007
0.079,3.5431e+007,-3.4396e+007
0.08,3.7147e+007,-3.6987e+007
0.081,3.9005e+007,-3.8965e+007
0.082,4.0868e+007,-4.1852e+007
0.083,4.2886e+007,-4.406e+007
0.084,4.4908e+007,-4.7272e+007
0.085,4.7012e+007,-5.0681e+007
0.086,4.9291e+007,-5.3305e+007
0.087,5.1572e+007,-5.7091e+007
0.088,5.4042e+007,-6.0012e+007
0.089,5.6513e+007,-6.4211e+007
0.09,5.919e+007,-6.7459e+007
0.091,6.1864e+007,-7.2112e+007
0.092,6.4762e+007,-7.5719e+007
0.093,6.7655e+007,-8.0869e+007
0.094,7.0791e+007,-8.4871e+007
0.095,7.3919e+007,-9.0566e+007
0.096,7.7311e+007,-9.5001e+007
0.097,8.069e+007,-1.0129e+008
0.098,8.4356e+007,-1.062e+008
0.099,8.8005e+007,-1.1315e+008
0.1,9.1965e+007,-1.1858e+008
0.101,9.5904e+007,-1.2624e+008
0.102,1.0018e+008,-1.3224e+008
0.103,1.0443e+008,-1.4068e+008
0.104,1.0904e+008,-1.473e+008
0.105,1.1362e+008,-1.5659e+008
0.106,1.186e+008,-1.6391e+008
0.107,1.2353e+008,-1.7412e+008
0.108,1.289e+008,-1.8218e+008
0.109,1.3421e+008,-1.9342e+008
0.11,1.3999e+008,-2.0229e+008
0.111,1.4572e+008,-2.1463e+008
0.112,1.5194e+008,-2.244e+008
0.113,1.581e+008,-2.3794e+008
0.114,1.648e+008,-2.4869e+008
0.115,1.7143e+008,-2.6354e+008
0.116,1.7864e+008,-2.7535e+008
0.117,1.8576e+008,-2.9163e+008
0.118,1.9352e+008,-3.046e+008
0.119,2.0118e+008,-3.2243e+008
0.12,2.0952e+008,-3.3667e+008
0.121,2.1774e+008,-3.5619e+008
0.122,2.267e+008,-3.718e+008
0.123,2.3554e+008,-3.9316e+008
0.124,2.4517e+008,-4.1027e+008
0.125,2.5465e+008,-4.3362e+008
0.126,2.6499e+008,-4.5237e+008
0.127,2.7517e+008,-4.7789e+008
0.128,2.8569e+008,-5.0468e+008
0.129,2.9718e+008,-5.2628e+008
0.13,3.0847e+008,-5.5554e+008
0.131,3.208e+008,-5.7915e+008
0.132,3.3291e+008,-6.1108e+008
0.133,3.4613e+008,-6.3689e+008
0.134,3.591e+008,-6.7172e+008
0.135,3.7328e+008,-6.9992e+008
0.136,3.8718e+008,-7.3788e+008
0.137,4.0238e+008,-7.6867e+008
0.138,4.1727e+008,-8.1003e+008
0.139,4.3355e+008,-8.4364e+008
0.14,4.4949e+008,-8.8868e+008
0.141,4.6693e+008,-9.2534e+008
0.142,4.84e+008,-9.7437e+008
0.143,5.0268e+008,-1.0143e+009
0.144,5.2094e+008,-1.0677e+009
0.145,5.4094e+008,-1.1112e+009
0.146,5.6048e+008,-1.1693e+009
0.147,5.8188e+008,-1.2167e+009
0.148,6.0277e+008,-1.2798e+009
0.149,6.2567e+008,-1.3314e+009
0.15,6.4801e+008,-1.4e+009
0.151,6.725e+008,-1.4562e+009
0.152,6.9639e+008,-1.5306e+009
0.153,7.2257e+008,-1.5917e+009
0.154,7.4809e+008,-1.6726e+009
0.155,7.7609e+008,-1.739e+009
0.156,8.0336e+008,-1.8268e+009
0.157,8.3328e+008,-1.899e+009
0.158,8.624e+008,-1.9942e+009
0.159,8.9437e+008,-2.0727e+009
0.16,9.2547e+008,-2.1759e+009
0.161,9.5962e+008,-2.2611e+009
0.162,9.9281e+008,-2.373e+009
0.163,1.0293e+009,-2.4655e+009
0.164,1.0647e+009,-2.5868e+009
0.165,1.1037e+009,-2.6872e+009
0.166,1.1415e+009,-2.8186e+009
0.167,1.183e+009,-2.9275e+009
0.168,1.2234e+009,-3.0698e+009
0.169,1.2649e+009,-3.2184e+009
0.17,1.3107e+009,-3.3419e+009
0.171,1.3551e+009,-3.5027e+009
0.172,1.4039e+009,-3.6366e+009
0.173,1.4512e+009,-3.8106e+009
0.174,1.5033e+009,-3.9556e+009
0.175,1.5537e+009,-4.1438e+009
0.176,1.6092e+009,-4.3009e+009
0.177,1.663e+009,-4.5044e+009
0.178,1.7222e+009,-4.6744e+009
0.179,1.7794e+009,-4.8945e+009
0.18,1.8425e+009,-5.0784e+009
0.181,1.9035e+009,-5.3162e+009
0.182,1.9708e+009,-5.5153e+009
0.183,2.0357e+009,-5.7722e+009
0.184,2.1074e+009,-5.9875e+009
0.185,2.1765e+009,-6.2649e+009
0.186,2.2528e+009,-6.4977e+009
0.187,2.3264e+009,-6.7973e+009
0.188,2.4078e+009,-7.0489e+009
0.189,2.4861e+009,-7.3723e+009
0.19,2.5727e+009,-7.6442e+009
0.191,2.656e+009,-7.9932e+009
0.192,2.7482e+009,-8.2869e+009
0.193,2.8369e+009,-8.6635e+009
0.194,2.935e+009,-8.9807e+009
0.195,3.0293e+009,-9.3868e+009
0.196,3.1338e+009,-9.7293e+009
0.197,3.2341e+009,-1.0167e+010
0.198,3.3452e+009,-1.0537e+010
0.199,3.4519e+009,-1.1009e+010
0.2,3.5701e+009,-1.1408e+010
0.201,3.6835e+009,-1.1917e+010
0.202,3.8093e+009,-1.2347e+010
0.203,3.9298e+009,-1.2895e+010
0.204,4.0636e+009,-1.336e+010
0.205,4.1916e+009,-1.395e+010
0.206,4.3339e+009,-1.4451e+010
0.207,4.4699e+009,-1.5087e+010
0.208,4.6212e+009,-1.5626e+010
0.209,4.7657e+009,-1.6311e+010
0.21,4.9264e+009,-1.6893e+010
0.211,5.08e+009,-1.763e+010
0.212,5.238e+009,-1.8398e+010
0.213,5.4139e+009,-1.9051e+010
0.214,5.5817e+009,-1.9877e+010
0.215,5.7685e+009,-2.058e+010
0.216,5.9467e+009,-2.1468e+010
0.217,6.1452e+009,-2.2226e+010
0.218,6.3343e+009,-2.3182e+010
0.219,6.5452e+009,-2.3997e+010
0.22,6.7459e+009,-2.5025e+010
0.221,6.9698e+009,-2.5903e+010
0.222,7.1828e+009,-2.7008e+010
0.223,7.4205e+009,-2.7953e+010
0.224,7.6465e+009,-2.9141e+010
0.225,7.8989e+009,-3.0158e+010
0.226,8.1387e+009,-3.1435e+010
0.227,8.4066e+009,-3.2529e+010
0.228,8.6609e+009,-3.3901e+010
0.229,8.9453e+009,-3.5078e+010
0.23,9.215e+009,-3.6553e+010
0.231,9.5167e+009,-3.7817e+010
0.232,9.8027e+009,-3.9402e+010
0.233,1.0123e+010,-4.0762e+010
0.234,1.0426e+010,-4.2464e+010
0.235,1.0766e+010,-4.3925e+010
0.236,1.1087e+010,-4.5753e+010
0.237,1.1447e+010,-4.7324e+010
0.238,1.1788e+010,-4.9287e+010
0.239,1.217e+010,-5.0975e+010
0.24,1.2531e+010,-5.3082e+010
0.241,1.2936e+010,-5.4895e+010
0.242,1.3318e+010,-5.7157e+010
0.243,1.3748e+010,-5.9105e+010
0.244,1.4153e+010,-6.1532e+010
0.245,1.4608e+010,-6.3625e+010
0.246,1.5037e+010,-6.6229e+010
0.247,1.552e+010,-6.8476e+010
0.248,1.5975e+010,-7.127e+010
0.249,1.6486e+010,-7.3682e+010
0.25,1.6967e+010,-7.6679e+010
0.251,1.7509e+010,-7.9269e+010
0.252,1.8019e+010,-8.2484e+010
0.253,1.8542e+010,-8.5821e+010
0.254,1.9132e+010,-8.871e+010
0.255,1.9686e+010,-9.2289e+010
0.256,2.0312e+010,-9.5389e+010
0.257,2.0898e+010,-9.9227e+010
0.258,2.156e+010,-1.0255e+011
0.259,2.2181e+010,-1.0667e+011
0.26,2.2882e+010,-1.1023e+011
0.261,2.3538e+010,-1.1464e+011
0.262,2.4281e+010,-1.1847e+011
0.263,2.4975e+010,-1.2319e+011
0.264,2.5761e+010,-1.273e+011
0.265,2.6496e+010,-1.3236e+011
0.266,2.7328e+010,-1.3676e+011
0.267,2.8105e+010,-1.4219e+011
0.268,2.8986e+010,-1.469e+011
0.269,2.9807e+010,-1.5271e+011
0.27,3.0739e+010,-1.5777e+011
0.271,3.1608e+010,-1.6399e+011
0.272,3.2594e+010,-1.6941e+011
0.273,3.3513e+010,-1.7608e+011
0.274,3.4556e+010,-1.8189e+011
0.275,3.5527e+010,-1.8903e+011
0.276,3.6631e+010,-1.9525e+011
0.277,3.7657e+010,-2.029e+011
0.278,3.8824e+010,-2.0956e+011
0.279,3.9908e+010,-2.1775e+011
0.28,4.1143e+010,-2.2489e+011
0.281,4.2289e+010,-2.3365e+011
0.282,4.3594e+010,-2.413e+011
0.283,4.4805e+010,-2.5068e+011
0.284,4.6185e+010,-2.5887e+011
0.285,4.7464e+010,-2.6891e+011
0.286,4.8923e+010,-2.7768e+011
0.287,5.0273e+010,-2.8842e+011
0.288,5.1816e+010,-2.9782e+011
0.289,5.3242e+010,-3.093e+011
0.29,5.4873e+010,-3.1936e+011
0.291,5.6378e+010,-3.3165e+011
0.292,5.8101e+010,-3.4242e+011
0.293,5.9691e+010,-3.5557e+011
0.294,6.1511e+010,-3.671e+011
0.295,6.3189e+010,-3.8116e+011
0.296,6.4909e+010,-3.9574e+011
0.297,6.6884e+010,-4.0854e+011
0.298,6.8699e+010,-4.2413e+011
0.299,7.0784e+010,-4.3783e+011
0.3,7.27e+010,-4.545e+011
0.301,7.4903e+010,-4.6915e+011
0.302,7.6924e+010,-4.8698e+011
0.303,7.925e+010,-5.0265e+011
0.304,8.1382e+010,-5.2171e+011
0.305,8.3838e+010,-5.3848e+011
0.306,8.6087e+010,-5.5885e+011
0.307,8.868e+010,-5.7679e+011
0.308,9.1052e+010,-5.9856e+011
0.309,9.3789e+010,-6.1775e+011
0.31,9.629e+010,-6.4102e+011
0.311,9.918e+010,-6.6154e+011
0.312,1.0182e+011,-6.8641e+011
0.313,1.0487e+011,-7.0835e+011
0.314,1.0765e+011,-7.3492e+011
0.315,1.1086e+011,-7.5838e+011
0.316,1.1379e+011,-7.8677e+011
0.317,1.1719e+011,-8.1185e+011
0.318,1.2028e+011,-8.4219e+011
0.319,1.2386e+011,-8.6899e+011
0.32,1.2711e+011,-9.014e+011
0.321,1.3089e+011,-9.3005e+011
0.322,1.3432e+011,-9.6467e+011
0.323,1.383e+011,-9.9529e+011
0.324,1.4192e+011,-1.0323e+012
0.325,1.4612e+011,-1.065e+012
0.326,1.4992e+011,-1.1045e+012
0.327,1.5435e+011,-1.1395e+012
0.328,1.5836e+011,-1.1816e+012
0.329,1.6303e+011,-1.219e+012
0.33,1.6725e+011,-1.264e+012
0.331,1.7218e+011,-1.3039e+012
0.332,1.7662e+011,-1.352e+012
0.333,1.8181e+011,-1.3947e+012
0.334,1.8648e+011,-1.446e+012
0.335,1.9196e+011,-1.4915e+012
0.336,1.9688e+011,-1.5463e+012
0.337,2.0191e+011,-1.6031e+012
0.338,2.0782e+011,-1.6535e+012
0.339,2.1312e+011,-1.7141e+012
0.34,2.1934e+011,-1.7679e+012
0.341,2.2492e+011,-1.8325e+012
0.342,2.3148e+011,-1.89e+012
0.343,2.3734e+011,-1.959e+012
0.344,2.4425e+011,-2.0204e+012
0.345,2.5041e+011,-2.094e+012
0.346,2.5769e+011,-2.1596e+012
0.347,2.6418e+011,-2.2381e+012
0.348,2.7184e+011,-2.3081e+012
0.349,2.7866e+011,-2.3919e+012
0.35,2.8672e+011,-2.4666e+012
0.351,2.9389e+011,-2.556e+012
0.352,3.0239e+011,-2.6358e+012
0.353,3.0992e+011,-2.7312e+012
0.354,3.1886e+011,-2.8163e+012
0.355,3.2678e+011,-2.918e+012
0.356,3.3619e+011,-3.0089e+012
0.357,3.445e+011,-3.1174e+012
0.358,3.5441e+011,-3.2143e+012
0.359,3.6315e+011,-3.3301e+012
0.36,3.7357e+011,-3.4335e+012
0.361,3.8274e+011,-3.557e+012
0.362,3.9371e+011,-3.6674e+012
0.363,4.0335e+011,-3.7991e+012
0.364,4.1488e+011,-3.9168e+012
0.365,4.25e+011,-4.0572e+012
0.366,4.3713e+011,-4.1829e+012
0.367,4.4776e+011,-4.3326e+012
0.368,4.6052e+011,-4.4666e+012
0.369,4.7167e+011,-4.6263e+012
0.37,4.8508e+011,-4.7692e+012
0.371,4.9679e+011,-4.9394e+012
0.372,5.1089e+011,-5.0919e+012
0.373,5.2317e+011,-5.2733e+012
0.374,5.3799e+011,-5.4359e+012
0.375,5.5088e+011,-5.6294e+012
0.376,5.6646e+011,-5.8028e+012
0.377,5.7997e+011,-6.009e+012
0.378,5.9635e+011,-6.1939e+012
0.379,6.1052e+011,-6.4136e+012
0.38,6.2499e+011,-6.641e+012
0.381,6.4258e+011,-6.8451e+012
0.382,6.5775e+011,-7.0873e+012
0.383,6.7623e+011,-7.3049e+012
0.384,6.9213e+011,-7.5631e+012
0.385,7.1154e+011,-7.7951e+012
0.386,7.282e+011,-8.0702e+012
0.387,7.4859e+011,-8.3175e+012
0.388,7.6604e+011,-8.6107e+012
0.389,7.8745e+011,-8.8743e+012
0.39,8.0573e+011,-9.1867e+012
0.391,8.282e+011,-9.4677e+012
0.392,8.4735e+011,-9.8005e+012
0.393,8.7094e+011,-1.01e+013
0.394,8.9099e+011,-1.0455e+013
0.395,9.1574e+011,-1.0774e+013
0.396,9.3674e+011,-1.1151e+013
0.397,9.6271e+011,-1.1492e+013
0.398,9.8468e+011,-1.1894e+013
0.399,1.0119e+012,-1.2256e+013
0.4,1.0349e+012,-1.2685e+013
0.401,1.0635e+012,-1.3071e+013
0.402,1.0875e+012,-1.3528e+013
0.403,1.1175e+012,-1.3939e+013
0.404,1.1427e+012,-1.4425e+013
0.405,1.1741e+012,-1.4864e+013
0.406,1.2004e+012,-1.5382e+013
0.407,1.2334e+012,-1.5849e+013
0.408,1.2609e+012,-1.64e+013
0.409,1.2954e+012,-1.6898e+013
0.41,1.3241e+012,-1.7485e+013
0.411,1.3603e+012,-1.8015e+013
0.412,1.3904e+012,-1.864e+013
0.413,1.4283e+012,-1.9205e+013
0.414,1.4597e+012,-1.987e+013
0.415,1.4994e+012,-2.0472e+013
0.416,1.5322e+012,-2.1181e+013
0.417,1.5738e+012,-2.1821e+013
0.418,1.608e+012,-2.2576e+013
0.419,1.6516e+012,-2.3258e+013
0.42,1.6873e+012,-2.4061e+013
0.421,1.7329e+012,-2.4788e+013
0.422,1.7702e+012,-2.5643e+013
0.423,1.808e+012,-2.6526e+013
0.424,1.8568e+012,-2.7326e+013
0.425,1.8963e+012,-2.8267e+013
0.426,1.9473e+012,-2.9119e+013
0.427,1.9885e+012,-3.012e+013
0.428,2.0419e+012,-3.1027e+013
0.429,2.0848e+012,-3.2092e+013
0.43,2.1407e+012,-3.3059e+013
0.431,2.1854e+012,-3.4192e+013
0.432,2.2438e+012,-3.5221e+013
0.433,2.2904e+012,-3.6427e+013
0.434,2.3515e+012,-3.7522e+013
0.435,2.4e+012,-3.8806e+013
0.436,2.4638e+012,-3.9971e+013
0.437,2.5143e+012,-4.1337e+013
0.438,2.581e+012,-4.2578e+013
0.439,2.6336e+012,-4.4031e+013
0.44,2.7033e+012,-4.5352e+013
0.441,2.758e+012,-4.6898e+013
0.442,2.8308e+012,-4.8304e+013
0.443,2.8877e+012,-4.9949e+013
0.444,2.9637e+012,-5.1445e+013
0.445,3.0228e+012,-5.3196e+013
0.446,3.1022e+012,-5.4788e+013
0.447,3.1636e+012,-5.665e+013
0.448,3.2465e+012,-5.8344e+013
0.449,3.3103e+012,-6.0325e+013
0.45,3.3968e+012,-6.2128e+013
0.451,3.463e+012,-6.4235e+013
0.452,3.5533e+012,-6.6153e+013
0.453,3.622e+012,-6.8394e+013
0.454,3.7161e+012,-7.0436e+013
0.455,3.7875e+012,-7.2819e+013
0.456,3.8856e+012,-7.4991e+013
0.457,3.9596e+012,-7.7526e+013
0.458,4.0619e+012,-7.9837e+013
0.459,4.1386e+012,-8.2533e+013
0.46,4.2452e+012,-8.4992e+013
0.461,4.3246e+012,-8.7859e+013
0.462,4.4358e+012,-9.0474e+013
0.463,4.518e+012,-9.3523e+013
0.464,4.6012e+012,-9.6672e+013
0.465,4.7189e+012,-9.9547e+013
0.466,4.805e+012,-1.029e+014
0.467,4.9275e+012,-1.0595e+014
0.468,5.0166e+012,-1.0951e+014
0.469,5.1441e+012,-1.1277e+014
0.47,5.2361e+012,-1.1655e+014
0.471,5.3688e+012,-1.2001e+014
0.472,5.4639e+012,-1.2404e+014
0.473,5.602e+012,-1.2772e+014
0.474,5.7002e+012,-1.32e+014
0.475,5.8437e+012,-1.3591e+014
0.476,5.9451e+012,-1.4046e+014
0.477,6.0943e+012,-1.4462e+014
0.478,6.1989e+012,-1.4946e+014
0.479,6.354e+012,-1.5388e+014
0.48,6.4618e+012,-1.5902e+014
0.481,6.6229e+012,-1.6373e+014
0.482,6.734e+012,-1.692e+014
0.483,6.9013e+012,-1.742e+014
0.484,7.0157e+012,-1.8001e+014
0.485,7.1894e+012,-1.8533e+014
0.486,7.3072e+012,-1.915e+014
0.487,7.4875e+012,-1.9716e+014
0.488,7.6087e+012,-2.0372e+014
0.489,7.7958e+012,-2.0974e+014
0.49,7.9204e+012,-2.1671e+014
0.491,8.1144e+012,-2.231e+014
0.492,8.2424e+012,-2.3051e+014
0.493,8.4436e+012,-2.3731e+014
0.494,8.5751e+012,-2.4519e+014
0.495,8.7837e+012,-2.5241e+014
0.496,8.9186e+012,-2.6078e+014
0.497,9.1347e+012,-2.6847e+014
0.498,9.2732e+012,-2.7736e+014
0.499,9.4971e+012,-2.8552e+014
0.5,9.6391e+012,-2.9498e+014
0.501,9.8709e+012,-3.0365e+014
0.502,1.0016e+013,-3.137e+014
0.503,1.0256e+013,-3.2292e+014
0.504,1.0406e+013,-3.3359e+014
0.505,1.0654e+013,-3.4339e+014
0.506,1.0807e+013,-3.5473e+014
0.507,1.096e+013,-3.6643e+014
0.508,1.122e+013,-3.7719e+014
0.509,1.1377e+013,-3.8962e+014
0.51,1.1645e+013,-4.0106e+014
0.511,1.1806e+013,-4.1427e+014
0.512,1.2084e+013,-4.2642e+014
0.513,1.2248e+013,-4.4045e+014
0.514,1.2535e+013,-4.5336e+014
0.515,1.2703e+013,-4.6827e+014
0.516,1.3e+013,-4.8199e+014
0.517,1.3172e+013,-4.9782e+014
0.518,1.3478e+013,-5.124e+014
0.519,1.3654e+013,-5.2922e+014
0.52,1.397e+013,-5.4471e+014
0.521,1.415e+013,-5.6257e+014
0.522,1.4476e+013,-5.7903e+014
0.523,1.466e+013,-5.98e+014
0.524,1.4997e+013,-6.1549e+014
0.525,1.5186e+013,-6.3564e+014
0.526,1.5534e+013,-6.5421e+014
0.527,1.5726e+013,-6.7562e+014
0.528,1.6085e+013,-6.9535e+014
0.529,1.6283e+013,-7.1808e+014
0.53,1.6653e+013,-7.3904e+014
0.531,1.6856e+013,-7.6318e+014
0.532,1.7238e+013,-7.8545e+014
0.533,1.7446e+013,-8.1108e+014
0.534,1.784e+013,-8.3474e+014
0.535,1.8053e+013,-8.6196e+014
0.536,1.8461e+013,-8.8708e+014
0.537,1.868e+013,-9.1599e+014
0.538,1.91e+013,-9.4268e+014
0.539,1.9325e+013,-9.7336e+014
0.54,1.976e+013,-1.0017e+015
0.541,1.9992e+013,-1.0343e+015
0.542,2.044e+013,-1.0644e+015
0.543,2.0679e+013,-1.099e+015
0.544,2.1143e+013,-1.131e+015
0.545,2.139e+013,-1.1677e+015
0.546,2.1868e+013,-1.2017e+015
0.547,2.2125e+013,-1.2407e+015
0.548,2.2386e+013,-1.2809e+015
0.549,2.2885e+013,-1.3181e+015
0.55,2.3156e+013,-1.3609e+015
0.551,2.3672e+013,-1.4004e+015
0.552,2.3954e+013,-1.4457e+015
0.553,2.4488e+013,-1.4877e+015
0.554,2.4782e+013,-1.5359e+015
0.555,2.5335e+013,-1.5804e+015
0.556,2.5642e+013,-1.6315e+015
0.557,2.6214e+013,-1.6789e+015
0.558,2.6536e+013,-1.7331e+015
0.559,2.7129e+013,-1.7834e+015
0.56,2.7466e+013,-1.841e+015
0.561,2.8081e+013,-1.8943e+015
0.562,2.8435e+013,-1.9554e+015
0.563,2.9072e+013,-2.0121e+015
0.564,2.9446e+013,-2.0769e+015
0.565,3.0107e+013,-2.1371e+015
0.566,3.0501e+013,-2.2059e+015
0.567,3.1187e+013,-2.2698e+015
0.568,3.1603e+013,-2.3429e+015
0.569,3.2316e+013,-2.4106e+015
0.57,3.2755e+013,-2.4882e+015
0.571,3.3497e+013,-2.5601e+015
0.572,3.3962e+013,-2.6425e+015
0.573,3.4733e+013,-2.7188e+015
0.574,3.5226e+013,-2.8062e+015
0.575,3.6029e+013,-2.8872e+015
0.576,3.6552e+013,-2.9799e+015
0.577,3.7389e+013,-3.066e+015
0.578,3.7944e+013,-3.1644e+015
0.579,3.8816e+013,-3.2557e+015
0.58,3.9405e+013,-3.3601e+015
0.581,4.0315e+013,-3.457e+015
0.582,4.0941e+013,-3.5678e+015
0.583,4.189e+013,-3.6707e+015
0.584,4.2556e+013,-3.7882e+015
0.585,4.3547e+013,-3.8974e+015
0.586,4.4255e+013,-4.0221e+015
0.587,4.5291e+013,-4.138e+015
0.588,4.6044e+013,-4.2703e+015
0.589,4.7126e+013,-4.3933e+015
0.59,4.7928e+013,-4.5337e+015
0.591,4.8759e+013,-4.6785e+015
0.592,4.9912e+013,-4.8132e+015
0.593,5.0797e+013,-4.9668e+015
0.594,5.2004e+013,-5.1097e+015
0.595,5.2944e+013,-5.2727e+015
0.596,5.4208e+013,-5.4243e+015
0.597,5.5208e+013,-5.5972e+015
0.598,5.6532e+013,-5.7582e+015
0.599,5.7595e+013,-5.9416e+015
0.6,5.8983e+013,-6.1123e+015
0.601,6.0113e+013,-6.3069e+015
0.602,6.1568e+013,-6.4881e+015
0.603,6.2769e+013,-6.6945e+015
0.604,6.4295e+013,-6.8867e+015
0.605,6.557e+013,-7.1056e+015
0.606,6.7171e+013,-7.3096e+015
0.607,6.8526e+013,-7.5418e+015
0.608,7.0205e+013,-7.7582e+015
0.609,7.1643e+013,-8.0046e+015
0.61,7.3406e+013,-8.2342e+015
0.611,7.4932e+013,-8.4954e+015
0.612,7.6783e+013,-8.739e+015
0.613,7.8402e+013,-9.0161e+015
0.614,8.0345e+013,-9.2745e+015
0.615,8.2063e+013,-9.5684e+015
0.616,8.4103e+013,-9.8426e+015
0.617,8.5924e+013,-1.0154e+016
0.618,8.8068e+013,-1.0445e+016
0.619,8.9997e+013,-1.0776e+016
0.62,9.2249e+013,-1.1084e+016
0.621,9.4293e+013,-1.1435e+016
0.622,9.666e+013,-1.1762e+016
0.623,9.8824e+013,-1.2134e+016
0.624,1.0131e+014,-1.2481e+016
0.625,1.036e+014,-1.2875e+016
0.626,1.0622e+014,-1.3243e+016
0.627,1.0864e+014,-1.3662e+016
0.628,1.1139e+014,-1.4052e+016
0.629,1.1396e+014,-1.4495e+016
0.63,1.1684e+014,-1.491e+016
0.631,1.1956e+014,-1.538e+016
0.632,1.2235e+014,-1.5865e+016
0.633,1.2547e+014,-1.6318e+016
0.634,1.2842e+014,-1.6832e+016
0.635,1.3169e+014,-1.7312e+016
0.636,1.3482e+014,-1.7857e+016
0.637,1.3826e+014,-1.8367e+016
0.638,1.4156e+014,-1.8945e+016
0.639,1.4517e+014,-1.9485e+016
0.64,1.4866e+014,-2.0098e+016
0.641,1.5246e+014,-2.0671e+016
0.642,1.5614e+014,-2.1321e+016
0.643,1.6015e+014,-2.1929e+016
0.644,1.6403e+014,-2.2618e+016
0.645,1.6824e+014,-2.3262e+016
0.646,1.7234e+014,-2.3993e+016
0.647,1.7677e+014,-2.4676e+016
0.648,1.811e+014,-2.545e+016
0.649,1.8575e+014,-2.6175e+016
0.65,1.9032e+014,-2.6996e+016
0.651,1.9522e+014,-2.7764e+016
0.652,2.0004e+014,-2.8634e+016
0.653,2.0519e+014,-2.945e+016
0.654,2.1027e+014,-3.0372e+016
0.655,2.1569e+014,-3.1236e+016
0.656,2.2105e+014,-3.2214e+016
0.657,2.2675e+014,-3.313e+016
0.658,2.324e+014,-3.4166e+016
0.659,2.384e+014,-3.5138e+016
0.66,2.4436e+014,-3.6237e+016
0.661,2.5066e+014,-3.7267e+016
0.662,2.5694e+014,-3.8431e+016
0.663,2.6357e+014,-3.9523e+016
0.664,2.7019e+014,-4.0758e+016
0.665,2.7717e+014,-4.1915e+016
0.666,2.8415e+014,-4.3224e+016
0.667,2.9148e+014,-4.4451e+016
0.668,2.9883e+014,-4.5838e+016
0.669,3.0655e+014,-4.7139e+016
0.67,3.1429e+014,-4.8609e+016
0.671,3.2241e+014,-4.9988e+016
0.672,3.3057e+014,-5.1546e+016
0.673,3.391e+014,-5.3008e+016
0.674,3.4769e+014,-5.466e+016
0.675,3.5651e+014,-5.6361e+016
0.676,3.6572e+014,-5.796e+016
0.677,3.7501e+014,-5.9763e+016
0.678,3.8469e+014,-6.1457e+016
0.679,3.9447e+014,-6.3369e+016
0.68,4.0465e+014,-6.5164e+016
0.681,4.1495e+014,-6.719e+016
0.682,4.2566e+014,-6.9094e+016
0.683,4.365e+014,-7.124e+016
0.684,4.4776e+014,-7.3258e+016
0.685,4.5917e+014,-7.5533e+016
0.686,4.7102e+014,-7.7671e+016
0.687,4.8303e+014,-8.0082e+016
0.688,4.9548e+014,-8.2349e+016
0.689,5.0812e+014,-8.4903e+016
0.69,5.2122e+014,-8.7305e+016
0.691,5.3452e+014,-9.0012e+016
0.692,5.483e+014,-9.2558e+016
0.693,5.6229e+014,-9.5427e+016
0.694,5.7678e+014,-9.8125e+016
0.695,5.9151e+014,-1.0116e+017
0.696,6.0674e+014,-1.0402e+017
0.697,6.2223e+014,-1.0724e+017
0.698,6.3825e+014,-1.1028e+017
0.699,6.5455e+014,-1.1369e+017
0.7,6.7139e+014,-1.169e+017
0.701,6.8854e+014,-1.2052e+017
0.702,7.0624e+014,-1.2392e+017
0.703,7.2428e+014,-1.2775e+017
0.704,7.4289e+014,-1.3136e+017
0.705,7.6186e+014,-1.3542e+017
0.706,7.8144e+014,-1.3924e+017
0.707,8.0139e+014,-1.4354e+017
0.708,8.2196e+014,-1.4759e+017
0.709,8.4295e+014,-1.5214e+017
0.71,8.6458e+014,-1.5644e+017
0.711,8.8664e+014,-1.6126e+017
0.712,9.0938e+014,-1.6581e+017
0.713,9.3258e+014,-1.7092e+017
0.714,9.5649e+014,-1.7574e+017
0.715,9.8088e+014,-1.8116e+017
0.716,1.0059e+015,-1.8674e+017
0.717,1.0317e+015,-1.92e+017
0.718,1.058e+015,-1.9792e+017
0.719,1.085e+015,-2.0349e+017
0.72,1.1127e+015,-2.0976e+017
0.721,1.1411e+015,-2.1566e+017
0.722,1.1702e+015,-2.2229e+017
0.723,1.2001e+015,-2.2855e+017
0.724,1.2307e+015,-2.3557e+017
0.725,1.2621e+015,-2.422e+017
0.726,1.2942e+015,-2.4963e+017
0.727,1.3273e+015,-2.5665e+017
0.728,1.361e+015,-2.645e+017
0.729,1.3958e+015,-2.7193e+017
0.73,1.4313e+015,-2.8024e+017
0.731,1.4677e+015,-2.881e+017
0.732,1.505e+015,-2.9688e+017
0.733,1.5434e+015,-3.052e+017
0.734,1.5826e+015,-3.1447e+017
0.735,1.6228e+015,-3.2328e+017
0.736,1.664e+015,-3.3307e+017
0.737,1.7064e+015,-3.4239e+017
0.738,1.7497e+015,-3.5273e+017
0.739,1.7941e+015,-3.6259e+017
0.74,1.8396e+015,-3.735e+017
0.741,1.8863e+015,-3.8393e+017
0.742,1.9341e+015,-3.9545e+017
0.743,1.9832e+015,-4.0648e+017
0.744,2.0334e+015,-4.1864e+017
0.745,2.085e+015,-4.303e+017
0.746,2.1378e+015,-4.4313e+017
0.747,2.1919e+015,-4.5545e+017
0.748,2.2474e+015,-4.6899e+017
0.749,2.3042e+015,-4.8202e+017
0.75,2.3625e+015,-4.963e+017
0.751,2.4222e+015,-5.1007e+017
0.752,2.4834e+015,-5.2513e+017
0.753,2.5462e+015,-5.3968e+017
0.754,2.6104e+015,-5.5557e+017
0.755,2.6763e+015,-5.7095e+017
0.756,2.7438e+015,-5.877e+017
0.757,2.813e+015,-6.0395e+017
0.758,2.8839e+015,-6.2162e+017
0.759,2.9566e+015,-6.3976e+017
0.76,3.0311e+015,-6.5741e+017
0.761,3.1074e+015,-6.7654e+017
0.762,3.1856e+015,-6.9518e+017
0.763,3.2657e+015,-7.1535e+017
0.764,3.3478e+015,-7.3504e+017
0.765,3.4319e+015,-7.563e+017
0.766,3.5182e+015,-7.7709e+017
0.767,3.6065e+015,-7.9951e+017
0.768,3.6971e+015,-8.2146e+017
0.769,3.7898e+015,-8.451e+017
0.77,3.8849e+015,-8.6827e+017
0.771,3.9822e+015,-8.9318e+017
0.772,4.082e+015,-9.1765e+017
0.773,4.1842e+015,-9.4391e+017
0.774,4.289e+015,-9.6973e+017
0.775,4.3963e+015,-9.9741e+017
0.776,4.5063e+015,-1.0247e+018
0.777,4.6189e+015,-1.0538e+018
0.778,4.7343e+015,-1.0826e+018
0.779,4.8526e+015,-1.1134e+018
0.78,4.9737e+015,-1.1437e+018
0.781,5.0978e+015,-1.1761e+018
0.782,5.225e+015,-1.2082e+018
0.783,5.3552e+015,-1.2423e+018
0.784,5.4887e+015,-1.2761e+018
0.785,5.6254e+015,-1.3121e+018
0.786,5.7654e+015,-1.3478e+018
0.787,5.9088e+015,-1.3857e+018
0.788,6.0558e+015,-1.4233e+018
0.789,6.2063e+015,-1.4633e+018
0.79,6.3605e+015,-1.503e+018
0.791,6.5184e+015,-1.5451e+018
0.792,6.6802e+015,-1.587e+018
0.793,6.8459e+015,-1.6314e+018
0.794,7.0157e+015,-1.6755e+018
0.795,7.1895e+015,-1.7223e+018
0.796,7.3676e+015,-1.7689e+018
0.797,7.55e+015,-1.8182e+018
0.798,7.7368e+015,-1.8673e+018
0.799,7.9282e+015,-1.9192e+018
0.8,8.1242e+015,-1.9711e+018
0.801,8.3249e+015,-2.0258e+018
0.802,8.5304e+015,-2.0819e+018
0.803,8.741e+015,-2.1381e+018
0.804,8.9566e+015,-2.1972e+018
0.805,9.1774e+015,-2.2564e+018
0.806,9.4035e+015,-2.3187e+018
0.807,9.6351e+015,-2.3812e+018
0.808,9.8722e+015,-2.4468e+018
0.809,1.0115e+016,-2.5127e+018
0.81,1.0364e+016,-2.5819e+018
0.811,1.0618e+016,-2.6513e+018
0.812,1.0879e+016,-2.7242e+018
0.813,1.1146e+016,-2.7974e+018
0.814,1.142e+016,-2.8742e+018
0.815,1.17e+016,-2.9514e+018
0.816,1.1987e+016,-3.0323e+018
0.817,1.228e+016,-3.1137e+018
0.818,1.2581e+016,-3.1989e+018
0.819,1.2888e+016,-3.2847e+018
0.82,1.3204e+016,-3.3744e+018
0.821,1.3526e+016,-3.4649e+018
0.822,1.3857e+016,-3.5595e+018
0.823,1.4195e+016,-3.6549e+018
0.824,1.4541e+016,-3.7545e+018
0.825,1.4895e+016,-3.855e+018
0.826,1.5258e+016,-3.96e+018
0.827,1.563e+016,-4.066e+018
0.828,1.601e+016,-4.1766e+018
0.829,1.64e+016,-4.2883e+018
0.83,1.6798e+016,-4.4048e+018
0.831,1.7206e+016,-4.5226e+018
0.832,1.7624e+016,-4.6453e+018
0.833,1.8052e+016,-4.7695e+018
0.834,1.8489e+016,-4.8987e+018
0.835,1.8937e+016,-5.0296e+018
0.836,1.9396e+016,-5.1658e+018
0.837,1.9865e+016,-5.3038e+018
0.838,2.0346e+016,-5.4473e+018
0.839,2.0837e+016,-5.5927e+018
0.84,2.1341e+016,-5.7439e+018
0.841,2.1856e+016,-5.8971e+018
0.842,2.2383e+016,-6.0564e+018
0.843,2.2923e+016,-6.2199e+018
0.844,2.3475e+016,-6.3858e+018
0.845,2.404e+016,-6.558e+018
0.846,2.4619e+016,-6.7329e+018
0.847,2.521e+016,-6.9143e+018
0.848,2.5816e+016,-7.0987e+018
0.849,2.6436e+016,-7.2898e+018
0.85,2.707e+016,-7.4841e+018
0.851,2.772e+016,-7.6856e+018
0.852,2.8384e+016,-7.8904e+018
0.853,2.9063e+016,-8.1027e+018
0.854,2.9759e+016,-8.3186e+018
0.855,3.047e+016,-8.5422e+018
0.856,3.1199e+016,-8.7698e+018
0.857,3.1944e+016,-9.0055e+018
0.858,3.2706e+016,-9.2454e+018
0.859,3.3486e+016,-9.4938e+018
0.86,3.4283e+016,-9.7467e+018
0.861,3.51e+016,-1.0008e+019
0.862,3.5935e+016,-1.0275e+019
0.863,3.6789e+016,-1.0551e+019
0.864,3.7663e+016,-1.0832e+019
0.865,3.8557e+016,-1.1123e+019
0.866,3.9472e+016,-1.1419e+019
0.867,4.0407e+016,-1.1726e+019
0.868,4.1364e+016,-1.2038e+019
0.869,4.2343e+016,-1.2361e+019
0.87,4.3344e+016,-1.2691e+019
0.871,4.4369e+016,-1.3031e+019
0.872,4.5416e+016,-1.3379e+019
0.873,4.6488e+016,-1.3738e+019
0.874,4.7583e+016,-1.4104e+019
0.875,4.8704e+016,-1.4483e+019
0.876,4.985e+016,-1.4869e+019
0.877,5.1023e+016,-1.5269e+019
0.878,5.2222e+016,-1.5676e+019
0.879,5.3448e+016,-1.6097e+019
0.88,5.4701e+016,-1.6527e+019
0.881,5.5983e+016,-1.6972e+019
0.882,5.7294e+016,-1.7425e+019
0.883,5.8635e+016,-1.7894e+019
0.884,6.0006e+016,-1.8372e+019
0.885,6.1407e+016,-1.8867e+019
0.886,6.284e+016,-1.9374e+019
0.887,6.4305e+016,-1.9894e+019
0.888,6.5803e+016,-2.0429e+019
0.889,6.7335e+016,-2.0977e+019
0.89,6.8901e+016,-2.1543e+019
0.891,7.0502e+016,-2.2121e+019
0.892,7.2138e+016,-2.2718e+019
0.893,7.3811e+016,-2.3329e+019
0.894,7.5521e+016,-2.396e+019
0.895,7.7269e+016,-2.4605e+019
0.896,7.9056e+016,-2.5271e+019
0.897,8.0882e+016,-2.5952e+019
0.898,8.2749e+016,-2.6656e+019
0.899,8.4657e+016,-2.7376e+019
0.9,8.6607e+016,-2.8119e+019
0.901,8.8601e+016,-2.8881e+019
0.902,9.0638e+016,-2.9667e+019
0.903,9.2719e+016,-3.0472e+019
0.904,9.4847e+016,-3.1303e+019
0.905,9.7021e+016,-3.2154e+019
0.906,9.9242e+016,-3.3033e+019
0.907,1.0151e+017,-3.3934e+019
0.908,1.0383e+017,-3.4864e+019
0.909,1.062e+017,-3.5818e+019
0.91,1.0862e+017,-3.6802e+019
0.911,1.111e+017,-3.7813e+019
0.912,1.1363e+017,-3.8855e+019
0.913,1.1621e+017,-3.9925e+019
0.914,1.1885e+017,-4.103e+019
0.915,1.2154e+017,-4.2165e+019
0.916,1.2429e+017,-4.3336e+019
0.917,1.2711e+017,-4.4539e+019
0.918,1.2998e+017,-4.5782e+019
0.919,1.3291e+017,-4.7059e+019
0.92,1.3591e+017,-4.8378e+019
0.921,1.3897e+017,-4.9734e+019
0.922,1.421e+017,-5.1135e+019
0.923,1.4529e+017,-5.2577e+019
0.924,1.4855e+017,-5.4066e+019
0.925,1.5188e+017,-5.5599e+019
0.926,1.5528e+017,-5.7184e+019
0.927,1.5875e+017,-5.8819e+019
0.928,1.623e+017,-6.0503e+019
0.929,1.6592e+017,-6.2245e+019
0.93,1.6961e+017,-6.4041e+019
0.931,1.7339e+017,-6.5898e+019
0.932,1.7724e+017,-6.7815e+019
0.933,1.8117e+017,-6.9798e+019
0.934,1.8519e+017,-7.1845e+019
0.935,1.8928e+017,-7.3966e+019
0.936,1.9347e+017,-7.6156e+019
0.937,1.9774e+017,-7.8426e+019
0.938,2.0209e+017,-8.0772e+019
0.939,2.0654e+017,-8.3205e+019
0.94,2.1108e+017,-8.5722e+019
0.941,2.1571e+017,-8.8335e+019
0.942,2.2044e+017,-9.104e+019
0.943,2.2526e+017,-9.385e+019
0.944,2.3018e+017,-9.6763e+019
0.945,2.3521e+017,-9.9791e+019
0.946,2.4033e+017,-1.0293e+020
0.947,2.4556e+017,-1.062e+020
0.948,2.5089e+017,-1.096e+020
0.949,2.5633e+017,-1.1314e+020
0.95,2.6188e+017,-1.1682e+020
0.951,2.6754e+017,-1.2066e+020
0.952,2.7332e+017,-1.2466e+020
0.953,2.7921e+017,-1.2884e+020
0.954,2.8521e+017,-1.332e+020
0.955,2.9134e+017,-1.3777e+020
0.956,2.9758e+017,-1.4254e+020
0.957,3.0395e+017,-1.4753e+020
0.958,3.1045e+017,-1.5277e+020
0.959,3.1707e+017,-1.5826e+020
0.96,3.2382e+017,-1.6403e+020
0.961,3.3071e+017,-1.701e+020
0.962,3.3772e+017,-1.7648e+020
0.963,3.4488e+017,-1.8322e+020
0.964,3.5217e+017,-1.9032e+020
0.965,3.596e+017,-1.9783e+020
0.966,3.6717e+017,-2.0578e+020
0.967,3.7489e+017,-2.1421e+020
0.968,3.8276e+017,-2.2316e+020
0.969,3.9078e+017,-2.3269e+020
0.97,3.9894e+017,-2.4285e+020
0.971,4.0727e+017,-2.5369e+020
0.972,4.1574e+017,-2.6531e+020
0.973,4.2438e+017,-2.7778e+020
0.974,4.3318e+017,-2.912e+020
0.975,4.4215e+017,-3.0568e+020
0.976,4.5128e+017,-3.2136e+020
0.977,4.6057e+017,-3.3838e+020
0.978,4.7004e+017,-3.5695e+020
0.979,4.7969e+017,-3.7725e+020
0.98,4.8951e+017,-3.9957e+020
0.981,4.9951e+017,-4.2422e+020
0.982,5.0969e+017,-4.5159e+020
0.983,5.2005e+017,-4.8214e+020
0.984,5.306e+017,-5.1648e+020
0.985,5.4134e+017,-5.5537e+020
0.986,5.5227e+017,-5.9978e+020
0.987,5.6339e+017,-6.5097e+020
0.988,5.7471e+017,-7.1066e+020
0.989,5.8623e+017,-7.8113e+020
0.99,5.9795e+017,-8.6565e+020
0.991,6.0988e+017,-9.6886e+020
0.992,6.2201e+017,-1.0978e+021
0.993,6.3436e+017,-1.2635e+021
0.994,6.4691e+017,-1.4843e+021
0.995,6.5968e+017,-1.7932e+021
0.996,6.7267e+017,-2.2565e+021
0.997,6.8587e+017,-3.0283e+021
0.998,6.993e+017,-4.5716e+021
0.999,7.1295e+017,-9.2005e+021
1,7.2683e+017,Inf
1.001,7.4095e+017,9.3128e+021
1.002,7.5529e+017,4.6838e+021
1.003,7.6987e+017,3.1405e+021
1.004,7.8468e+017,2.3686e+021
1.005,7.9973e+017,1.9053e+021
1.006,8.1503e+017,1.5963e+021
1.007,8.3057e+017,1.3754e+021
1.008,8.4636e+017,1.2096e+021
1.009,8.624e+017,1.0806e+021
1.01,8.7869e+017,9.7723e+020
1.011,8.9523e+017,8.9258e+020
1.012,9.1203e+017,8.2195e+020
1.013,9.2908e+017,7.6211e+020
1.014,9.464e+017,7.1074e+020
1.015,9.6398e+017,6.6614e+020
1.016,9.8182e+017,6.2705e+020
1.017,9.9993e+017,5.9249e+020
1.018,1.0183e+018,5.6171e+020
1.019,1.037e+018,5.3412e+020
1.02,1.0559e+018,5.0922e+020
1.021,1.0751e+018,4.8664e+020
1.022,1.0945e+018,4.6606e+020
1.023,1.1143e+018,4.4722e+020
1.024,1.1343e+018,4.2989e+020
1.025,1.1546e+018,4.1391e+020
1.026,1.1752e+018,3.9911e+020
1.027,1.196e+018,3.8536e+020
1.028,1.2172e+018,3.7255e+020
1.029,1.2386e+018,3.6059e+020
1.03,1.2603e+018,3.4937e+020
1.031,1.2824e+018,3.3885e+020
1.032,1.3046e+018,3.2894e+020
1.033,1.3272e+018,3.196e+020
1.034,1.3501e+018,3.1077e+020
1.035,1.3733e+018,3.0241e+020
1.036,1.3967e+018,2.9448e+020
1.037,1.4204e+018,2.8694e+020
1.038,1.4445e+018,2.7977e+020
1.039,1.4688e+018,2.7294e+020
1.04,1.4934e+018,2.6641e+020
1.041,1.5183e+018,2.6018e+020
1.042,1.5435e+018,2.5421e+020
1.043,1.569e+018,2.4849e+020
1.044,1.5947e+018,2.4301e+020
1.045,1.6208e+018,2.3774e+020
1.046,1.6471e+018,2.3267e+020
1.047,1.6737e+018,2.278e+020
1.048,1.7006e+018,2.231e+020
1.049,1.7278e+018,2.1857e+020
1.05,1.7553e+018,2.142e+020
1.051,1.7831e+018,2.0998e+020
1.052,1.8111e+018,2.0589e+020
1.053,1.8394e+018,2.0194e+020
1.054,1.868e+018,1.9811e+020
1.055,1.8968e+018,1.9441e+020
1.056,1.9259e+018,1.9081e+020
1.057,1.9553e+018,1.8732e+020
1.058,1.9849e+018,1.8393e+020
1.059,2.0148e+018,1.8064e+020
1.06,2.045e+018,1.7744e+020
1.061,2.0754e+018,1.7433e+020
1.062,2.106e+018,1.713e+020
1.063,2.1369e+018,1.6835e+020
1.064,2.1681e+018,1.6548e+020
1.065,2.1995e+018,1.6268e+020
1.066,2.2311e+018,1.5994e+020
1.067,2.2629e+018,1.5728e+020
1.068,2.295e+018,1.5468e+020
1.069,2.3272e+018,1.5214e+020
1.07,2.3597e+018,1.4966e+020
1.071,2.3924e+018,1.4723e+020
1.072,2.4253e+018,1.4486e+020
1.073,2.4584e+018,1.4254e+020
1.074,2.4917e+018,1.4028e+020
1.075,2.5251e+018,1.3806e+020
1.076,2.5587e+018,1.3589e+020
1.077,2.5925e+018,1.3376e+020
1.078,2.6265e+018,1.3168e+020
1.079,2.6606e+018,1.2964e+020
1.08,2.6949e+018,1.2764e+020
1.081,2.7293e+018,1.2568e+020
1.082,2.7638e+018,1.2376e+020
1.083,2.7985e+018,1.2187e+020
1.084,2.8332e+018,1.2002e+020
1.085,2.8681e+018,1.1821e+020
1.086,2.9031e+018,1.1643e+020
1.087,2.9382e+018,1.1468e+020
1.088,2.9733e+018,1.1297e+020
1.089,3.0086e+018,1.1128e+020
1.09,3.0439e+018,1.0963e+020
1.091,3.0792e+018,1.08e+020
1.092,3.1146e+018,1.0641e+020
1.093,3.1501e+018,1.0484e+020
1.094,3.1855e+018,1.033e+020
1.095,3.221e+018,1.0178e+020
1.096,3.2565e+018,1.0029e+020
1.097,3.292e+018,9.883e+019
1.098,3.3274e+018,9.739e+019
1.099,3.3629e+018,9.5974e+019
1.1,3.3983e+018,9.4581e+019
1.101,3.4337e+018,9.3211e+019
1.102,3.469e+018,9.1863e+019
1.103,3.5042e+018,9.0537e+019
1.104,3.5394e+018,8.9232e+019
1.105,3.5745e+018,8.7949e+019
1.106,3.6095e+018,8.6685e+019
1.107,3.6444e+018,8.5441e+019
1.108,3.6791e+018,8.4217e+019
1.109,3.7137e+018,8.3012e+019
1.11,3.7482e+018,8.1825e+019
1.111,3.7826e+018,8.0657e+019
1.112,3.8168e+018,7.9506e+019
1.113,3.8508e+018,7.8373e+019
1.114,3.8846e+018,7.7257e+019
1.115,3.9182e+018,7.6159e+019
1.116,3.9516e+018,7.5077e+019
1.117,3.9848e+018,7.4011e+019
1.118,4.0178e+018,7.2961e+019
1.119,4.0505e+018,7.1926e+019
1.12,4.083e+018,7.0907e+019
1.121,4.1152e+018,6.9904e+019
1.122,4.1472e+018,6.8914e+019
1.123,4.1788e+018,6.794e+019
1.124,4.2102e+018,6.6979e+019
1.125,4.2413e+018,6.6033e+019
1.126,4.2721e+018,6.51e+019
1.127,4.3025e+018,6.4182e+019
1.128,4.3326e+018,6.3276e+019
1.129,4.3624e+018,6.2384e+019
1.13,4.3918e+018,6.1504e+019
1.131,4.4209e+018,6.0637e+019
1.132,4.4495e+018,5.9782e+019
1.133,4.4778e+018,5.894e+019
1.134,4.5058e+018,5.8109e+019
1.135,4.5333e+018,5.7291e+019
1.136,4.5604e+018,5.6484e+019
1.137,4.5871e+018,5.5689e+019
1.138,4.6134e+018,5.4905e+019
1.139,4.6392e+018,5.4133e+019
1.14,4.6647e+018,5.337e+019
1.141,4.6896e+018,5.2619e+019
1.142,4.7141e+018,5.1879e+019
1.143,4.7382e+018,5.1148e+019
1.144,4.7618e+018,5.0429e+019
1.145,4.7849e+018,4.9719e+019
1.146,4.8075e+018,4.9019e+019
1.147,4.8297e+018,4.8329e+019
1.148,4.8514e+018,4.7649e+019
1.149,4.8725e+018,4.6978e+019
1.15,4.8932e+018,4.6317e+019
1.151,4.9133e+018,4.5665e+019
1.152,4.933e+018,4.5022e+019
1.153,4.9521e+018,4.4388e+019
1.154,4.9707e+018,4.3763e+019
1.155,4.9888e+018,4.3146e+019
1.156,5.0063e+018,4.2538e+019
1.157,5.0233e+018,4.1939e+019
1.158,5.0398e+018,4.1348e+019
1.159,5.0558e+018,4.0765e+019
1.16,5.0712e+018,4.019e+019
1.161,5.086e+018,3.9623e+019
1.162,5.1003e+018,3.9064e+019
1.163,5.1141e+018,3.8513e+019
1.164,5.1273e+018,3.7969e+019
1.165,5.14e+018,3.7433e+019
1.166,5.1521e+018,3.6905e+019
1.167,5.1636e+018,3.6383e+019
1.168,5.1746e+018,3.5869e+019
1.169,5.185e+018,3.5362e+019
1.17,5.1949e+018,3.4863e+019
1.171,5.2043e+018,3.4369e+019
1.172,5.213e+018,3.3884e+019
1.173,5.2212e+018,3.3404e+019
1.174,5.2289e+018,3.2931e+019
1.175,5.236e+018,3.2465e+019
1.176,5.2426e+018,3.2005e+019
1.177,5.2486e+018,3.1551e+019
1.178,5.254e+018,3.1105e+019
1.179,5.2589e+018,3.0663e+019
1.18,5.2633e+018,3.0229e+019
1.181,5.2671e+018,2.9799e+019
1.182,5.2704e+018,2.9377e+019
1.183,5.2731e+018,2.8959e+019
1.184,5.2753e+018,2.8548e+019
1.185,5.277e+018,2.8142e+019
1.186,5.2781e+018,2.7742e+019
1.187,5.2787e+018,2.7348e+019
1.188,5.2788e+018,2.6959e+019
1.189,5.2784e+018,2.6575e+019
1.19,5.2774e+018,2.6197e+019
1.191,5.276e+018,2.5824e+019
1.192,5.274e+018,2.5455e+019
1.193,5.2715e+018,2.5093e+019
1.194,5.2685e+018,2.4735e+019
1.195,5.265e+018,2.4382e+019
1.196,5.2611e+018,2.4034e+019
1.197,5.2566e+018,2.3691e+019
1.198,5.2517e+018,2.3352e+019
1.199,5.2463e+018,2.3018e+019
1.2,5.2404e+018,2.2689e+019
1.201,5.234e+018,2.2365e+019
1.202,5.2272e+018,2.2044e+019
1.203,5.2199e+018,2.1729e+019
1.204,5.2121e+018,2.1418e+019
1.205,5.204e+018,2.1111e+019
1.206,5.1953e+018,2.0808e+019
1.207,5.1863e+018,2.0509e+019
1.208,5.1768e+018,2.0215e+019
1.209,5.1668e+018,1.9925e+019
1.21,5.1565e+018,1.9638e+019
1.211,5.1457e+018,1.9356e+019
1.212,5.1345e+018,1.9078e+019
1.213,5.123e+018,1.8803e+019
1.214,5.111e+018,1.8533e+019
1.215,5.0986e+018,1.8266e+019
1.216,5.0858e+018,1.8003e+019
1.217,5.0727e+018,1.7743e+019
1.218,5.0592e+018,1.7487e+019
1.219,5.0453e+018,1.7235e+019
1.22,5.031e+018,1.6986e+019
1.221,5.0164e+018,1.6741e+019
1.222,5.0014e+018,1.6499e+019
1.223,4.9861e+018,1.626e+019
1.224,4.9704e+018,1.6025e+019
1.225,4.9544e+018,1.5793e+019
1.226,4.9381e+018,1.5564e+019
1.227,4.9214e+018,1.5338e+019
1.228,4.9045e+018,1.5116e+019
1.229,4.8872e+018,1.4897e+019
1.23,4.8695e+018,1.468e+019
1.231,4.8516e+018,1.4467e+019
1.232,4.8334e+018,1.4257e+019
1.233,4.8149e+018,1.405e+019
1.234,4.7961e+018,1.3845e+019
1.235,4.777e+018,1.3644e+019
1.236,4.7577e+018,1.3445e+019
1.237,4.7381e+018,1.3249e+019
1.238,4.7182e+018,1.3056e+019
1.239,4.698e+018,1.2865e+019
1.24,4.6776e+018,1.2677e+019
1.241,4.6569e+018,1.2492e+019
1.242,4.636e+018,1.231e+019
1.243,4.6148e+018,1.213e+019
1.244,4.5935e+018,1.1952e+019
1.245,4.5718e+018,1.1777e+019
1.246,4.55e+018,1.1604e+019
1.247,4.5279e+018,1.1434e+019
1.248,4.5056e+018,1.1266e+019
1.249,4.4831e+018,1.1101e+019
1.25,4.4604e+018,1.0938e+019
1.251,4.4374e+018,1.0777e+019
1.252,4.4143e+018,1.0619e+019
1.253,4.391e+018,1.0462e+019
1.254,4.3675e+018,1.0308e+019
1.255,4.3438e+018,1.0156e+019
1.256,4.3199e+018,1.0006e+019
1.257,4.2958e+018,9.8587e+018
1.258,4.2716e+018,9.7132e+018
1.259,4.2472e+018,9.5695e+018
1.26,4.2226e+018,9.4281e+018
1.261,4.1979e+018,9.2884e+018
1.262,4.173e+018,9.1509e+018
1.263,4.1479e+018,9.0152e+018
1.264,4.1228e+018,8.8816e+018
1.265,4.0974e+018,8.7497e+018
1.266,4.072e+018,8.6198e+018
1.267,4.0463e+018,8.4915e+018
1.268,4.0206e+018,8.3652e+018
1.269,3.9947e+018,8.2407e+018
1.27,3.9687e+018,8.1179e+018
1.271,3.9426e+018,7.9968e+018
1.272,3.9163e+018,7.8775e+018
1.273,3.89e+018,7.7598e+018
1.274,3.8635e+018,7.6438e+018
1.275,3.8369e+018,7.5295e+018
1.276,3.8103e+018,7.4168e+018
1.277,3.7835e+018,7.3057e+018
1.278,3.7566e+018,7.1961e+018
1.279,3.7297e+018,7.0881e+018
1.28,3.7026e+018,6.9816e+018
1.281,3.6755e+018,6.8767e+018
1.282,3.6483e+018,6.7732e+018
1.283,3.621e+018,6.6712e+018
1.284,3.5937e+018,6.5707e+018
1.285,3.5662e+018,6.4716e+018
1.286,3.5387e+018,6.3738e+018
1.287,3.5112e+018,6.2775e+018
1.288,3.4836e+018,6.1825e+018
1.289,3.456e+018,6.089e+018
1.29,3.4283e+018,5.9967e+018
1.291,3.4005e+018,5.9058e+018
1.292,3.3727e+018,5.8161e+018
1.293,3.3449e+018,5.7277e+018
1.294,3.3171e+018,5.6406e+018
1.295,3.2892e+018,5.5547e+018
1.296,3.2613e+018,5.47e+018
1.297,3.2334e+018,5.3866e+018
1.298,3.2054e+018,5.3043e+018
1.299,3.1775e+018,5.2233e+018
1.3,3.1495e+018,5.1433e+018
1.301,3.1216e+018,5.0646e+018
1.302,3.0936e+018,4.9869e+018
1.303,3.0657e+018,4.9104e+018
1.304,3.0377e+018,4.8349e+018
1.305,3.0098e+018,4.7606e+018
1.306,2.9818e+018,4.6872e+018
1.307,2.954e+018,4.615e+018
1.308,2.9261e+018,4.5438e+018
1.309,2.8983e+018,4.4736e+018
1.31,2.8704e+018,4.4044e+018
1.311,2.8427e+018,4.3362e+018
1.312,2.8149e+018,4.269e+018
1.313,2.7872e+018,4.2028e+018
1.314,2.7596e+018,4.1375e+018
1.315,2.732e+018,4.0732e+018
1.316,2.7045e+018,4.0098e+018
1.317,2.677e+018,3.9472e+018
1.318,2.6496e+018,3.8857e+018
1.319,2.6223e+018,3.8249e+018
1.32,2.595e+018,3.7651e+018
1.321,2.5679e+018,3.7061e+018
1.322,2.5408e+018,3.6481e+018
1.323,2.5137e+018,3.5908e+018
1.324,2.4868e+018,3.5343e+018
1.325,2.46e+018,3.4787e+018
1.326,2.4332e+018,3.4239e+018
1.327,2.4066e+018,3.3699e+018
1.328,2.3801e+018,3.3167e+018
1.329,2.3536e+018,3.2642e+018
1.33,2.3273e+018,3.2125e+018
1.331,2.3011e+018,3.1616e+018
1.332,2.275e+018,3.1114e+018
1.333,2.249e+018,3.0619e+018
1.334,2.2232e+018,3.0132e+018
1.335,2.1974e+018,2.9651e+018
1.336,2.1718e+018,2.9178e+018
1.337,2.1464e+018,2.8712e+018
1.338,2.121e+018,2.8253e+018
1.339,2.0958e+018,2.78e+018
1.34,2.0708e+018,2.7354e+018
1.341,2.0459e+018,2.6914e+018
1.342,2.0211e+018,2.6481e+018
1.343,1.9965e+018,2.6054e+018
1.344,1.972e+018,2.5634e+018
1.345,1.9477e+018,2.522e+018
1.346,1.9235e+018,2.4812e+018
1.347,1.8995e+018,2.441e+018
1.348,1.8757e+018,2.4014e+018
1.349,1.852e+018,2.3623e+018
1.35,1.8285e+018,2.3239e+018
1.351,1.8051e+018,2.286e+018
1.352,1.7819e+018,2.2487e+018
1.353,1.7589e+018,2.212e+018
1.354,1.7361e+018,2.1757e+018
1.355,1.7134e+018,2.1401e+018
1.356,1.6909e+018,2.1049e+018
1.357,1.6686e+018,2.0703e+018
1.358,1.6464e+018,2.0362e+018
1.359,1.6244e+018,2.0027e+018
1.36,1.6026e+018,1.9696e+018
1.361,1.581e+018,1.937e+018
1.362,1.5596e+018,1.9049e+018
1.363,1.5383e+018,1.8733e+018
1.364,1.5173e+018,1.8421e+018
1.365,1.4964e+018,1.8115e+018
1.366,1.4757e+018,1.7813e+018
1.367,1.4552e+018,1.7515e+018
1.368,1.4349e+018,1.7222e+018
1.369,1.4147e+018,1.6934e+018
1.37,1.3948e+018,1.6649e+018
1.371,1.375e+018,1.637e+018
1.372,1.3554e+018,1.6094e+018
1.373,1.336e+018,1.5822e+018
1.374,1.3168e+018,1.5555e+018
1.375,1.2978e+018,1.5292e+018
1.376,1.279e+018,1.5033e+018
1.377,1.2604e+018,1.4777e+018
1.378,1.2419e+018,1.4526e+018
1.379,1.2237e+018,1.4279e+018
1.38,1.2056e+018,1.4035e+018
1.381,1.1877e+018,1.3795e+018
1.382,1.17e+018,1.3558e+018
1.383,1.1525e+018,1.3326e+018
1.384,1.1352e+018,1.3097e+018
1.385,1.1181e+018,1.2871e+018
1.386,1.1011e+018,1.2649e+018
1.387,1.0844e+018,1.243e+018
1.388,1.0678e+018,1.2215e+018
1.389,1.0514e+018,1.2003e+018
1.39,1.0352e+018,1.1794e+018
1.391,1.0192e+018,1.1589e+018
1.392,1.0034e+018,1.1387e+018
1.393,9.8775e+017,1.1188e+018
1.394,9.7228e+017,1.0992e+018
1.395,9.5699e+017,1.0799e+018
1.396,9.4188e+017,1.0609e+018
1.397,9.2696e+017,1.0422e+018
1.398,9.1221e+017,1.0238e+018
1.399,8.9764e+017,1.0057e+018
1.4,8.8324e+017,9.8787e+017
1.401,8.6903e+017,9.7032e+017
1.402,8.5498e+017,9.5306e+017
1.403,8.4111e+017,9.3605e+017
1.404,8.2741e+017,9.1933e+017
1.405,8.1388e+017,9.0286e+017
1.406,8.0052e+017,8.8666e+017
1.407,7.8733e+017,8.7071e+017
1.408,7.7431e+017,8.5502e+017
1.409,7.6146e+017,8.3957e+017
1.41,7.4877e+017,8.2438e+017
1.411,7.3624e+017,8.0941e+017
1.412,7.2388e+017,7.947e+017
1.413,7.1168e+017,7.8021e+017
1.414,6.9964e+017,7.6597e+017
1.415,6.8776e+017,7.5194e+017
1.416,6.7604e+017,7.3815e+017
1.417,6.6447e+017,7.2456e+017
1.418,6.5306e+017,7.1121e+017
1.419,6.418e+017,6.9806e+017
1.42,6.307e+017,6.8514e+017
1.421,6.1975e+017,6.7241e+017
1.422,6.0895e+017,6.599e+017
1.423,5.9829e+017,6.4758e+017
1.424,5.8779e+017,6.3547e+017
1.425,5.7742e+017,6.2355e+017
1.426,5.6721e+017,6.1183e+017
1.427,5.5713e+017,6.0029e+017
1.428,5.472e+017,5.8895e+017
1.429,5.3741e+017,5.7778e+017
1.43,5.2776e+017,5.6682e+017
1.431,5.1824e+017,5.5601e+017
1.432,5.0886e+017,5.454e+017
1.433,4.9962e+017,5.3494e+017
1.434,4.9051e+017,5.2468e+017
1.435,4.8153e+017,5.1456e+017
1.436,4.7268e+017,5.0462e+017
1.437,4.6396e+017,4.9485e+017
1.438,4.5537e+017,4.8524e+017
1.439,4.469e+017,4.7579e+017
1.44,4.3857e+017,4.6649e+017
1.441,4.3035e+017,4.5735e+017
1.442,4.2226e+017,4.4836e+017
1.443,4.1428e+017,4.3952e+017
1.444,4.0643e+017,4.3083e+017
1.445,3.9869e+017,4.2228e+017
1.446,3.9108e+017,4.1388e+017
1.447,3.8357e+017,4.0562e+017
1.448,3.7619e+017,3.9749e+017
1.449,3.6891e+017,3.8951e+017
1.45,3.6175e+017,3.8166e+017
1.451,3.5469e+017,3.7394e+017
1.452,3.4775e+017,3.6635e+017
1.453,3.4092e+017,3.589e+017
1.454,3.3419e+017,3.5156e+017
1.455,3.2757e+017,3.4436e+017
1.456,3.2105e+017,3.3728e+017
1.457,3.1463e+017,3.3032e+017
1.458,3.0832e+017,3.2348e+017
1.459,3.0211e+017,3.1677e+017
1.46,2.96e+017,3.1016e+017
1.461,2.8999e+017,3.0368e+017
1.462,2.8408e+017,2.973e+017
1.463,2.7827e+017,2.9105e+017
1.464,2.7255e+017,2.8489e+017
1.465,2.6692e+017,2.7886e+017
1.466,2.6139e+017,2.7292e+017
1.467,2.5596e+017,2.671e+017
1.468,2.5061e+017,2.6137e+017
1.469,2.4536e+017,2.5576e+017
1.47,2.402e+017,2.5024e+017
1.471,2.3512e+017,2.4483e+017
1.472,2.3014e+017,2.3951e+017
1.473,2.2524e+017,2.343e+017
1.474,2.2042e+017,2.2917e+017
1.475,2.157e+017,2.2415e+017
1.476,2.1105e+017,2.1922e+017
1.477,2.0649e+017,2.1438e+017
1.478,2.0201e+017,2.0963e+017
1.479,1.9761e+017,2.0497e+017
1.48,1.9329e+017,2.0041e+017
1.481,1.8905e+017,1.9592e+017
1.482,1.8489e+017,1.9153e+017
1.483,1.8081e+017,1.8722e+017
1.484,1.768e+017,1.8299e+017
1.485,1.7287e+017,1.7885e+017
1.486,1.6901e+017,1.7479e+017
1.487,1.6522e+017,1.708e+017
1.488,1.6151e+017,1.669e+017
1.489,1.5786e+017,1.6307e+017
1.49,1.5429e+017,1.5932e+017
1.491,1.5079e+017,1.5564e+017
1.492,1.4735e+017,1.5204e+017
1.493,1.4399e+017,1.4851e+017
1.494,1.4068e+017,1.4506e+017
1.495,1.3745e+017,1.4167e+017
1.496,1.3428e+017,1.3836e+017
1.497,1.3117e+017,1.3511e+017
1.498,1.2812e+017,1.3193e+017
1.499,1.2514e+017,1.2881e+017
1.5,1.2221e+017,1.2576e+017
1.501,1.1935e+017,1.2277e+017
1.502,1.1654e+017,1.1985e+017
1.503,1.1379e+017,1.1699e+017
1.504,1.111e+017,1.1419e+017
1.505,1.0847e+017,1.1145e+017
1.506,1.0589e+017,1.0877e+017
1.507,1.0336e+017,1.0614e+017
1.508,1.0089e+017,1.0357e+017
1.509,9.8469e+016,1.0106e+017
1.51,9.6101e+016,9.8603e+016
1.511,9.3782e+016,9.6198e+016
1.512,9.1514e+016,9.3847e+016
1.513,8.9294e+016,9.1546e+016
1.514,8.7123e+016,8.9298e+016
1.515,8.4998e+016,8.7098e+016
1.516,8.2921e+016,8.4949e+016
1.517,8.0888e+016,8.2845e+016
1.518,7.8901e+016,8.0791e+016
1.519,7.6957e+016,7.8781e+016
1.52,7.5056e+016,7.6817e+016
1.521,7.3198e+016,7.4898e+016
1.522,7.1381e+016,7.3022e+016
1.523,6.9605e+016,7.119e+016
1.524,6.7869e+016,6.9398e+016
1.525,6.6172e+016,6.7649e+016
1.526,6.4514e+016,6.5939e+016
1.527,6.2893e+016,6.427e+016
1.528,6.131e+016,6.2638e+016
1.529,5.9762e+016,6.1046e+016
1.53,5.8251e+016,5.9489e+016
1.531,5.6774e+016,5.797e+016
1.532,5.5332e+016,5.6486e+016
1.533,5.3923e+016,5.5037e+016
1.534,5.2547e+016,5.3622e+016
1.535,5.1203e+016,5.2241e+016
1.536,4.9891e+016,5.0893e+016
1.537,4.8609e+016,4.9577e+016
1.538,4.7358e+016,4.8292e+016
1.539,4.6137e+016,4.7038e+016
1.54,4.4944e+016,4.5814e+016
1.541,4.3781e+016,4.4621e+016
1.542,4.2644e+016,4.3455e+016
1.543,4.1536e+016,4.2318e+016
1.544,4.0453e+016,4.1209e+016
1.545,3.9398e+016,4.0127e+016
1.546,3.8367e+016,3.9071e+016
1.547,3.7362e+016,3.8041e+016
1.548,3.6381e+016,3.7036e+016
1.549,3.5424e+016,3.6057e+016
1.55,3.449e+016,3.5101e+016
1.551,3.358e+016,3.4169e+016
1.552,3.2691e+016,3.326e+016
1.553,3.1825e+016,3.2374e+016
1.554,3.098e+016,3.151e+016
1.555,3.0156e+016,3.0668e+016
1.556,2.9353e+016,2.9846e+016
1.557,2.8569e+016,2.9046e+016
1.558,2.7805e+016,2.8265e+016
1.559,2.7061e+016,2.7505e+016
1.56,2.6335e+016,2.6763e+016
1.561,2.5627e+016,2.6041e+016
1.562,2.4937e+016,2.5336e+016
1.563,2.4265e+016,2.465e+016
1.564,2.361e+016,2.3981e+016
1.565,2.2971e+016,2.333e+016
1.566,2.2349e+016,2.2695e+016
1.567,2.1742e+016,2.2076e+016
1.568,2.1151e+016,2.1474e+016
1.569,2.0576e+016,2.0887e+016
1.57,2.0015e+016,2.0315e+016
1.571,1.9468e+016,1.9758e+016
1.572,1.8936e+016,1.9215e+016
1.573,1.8417e+016,1.8687e+016
1.574,1.7912e+016,1.8172e+016
1.575,1.742e+016,1.7671e+016
1.576,1.6941e+016,1.7183e+016
1.577,1.6474e+016,1.6708e+016
1.578,1.6019e+016,1.6245e+016
1.579,1.5577e+016,1.5795e+016
1.58,1.5146e+016,1.5356e+016
1.581,1.4726e+016,1.4929e+016
1.582,1.4318e+016,1.4513e+016
1.583,1.392e+016,1.4109e+016
1.584,1.3533e+016,1.3715e+016
1.585,1.3155e+016,1.3331e+016
1.586,1.2788e+016,1.2958e+016
1.587,1.2431e+016,1.2595e+016
1.588,1.2083e+016,1.2241e+016
1.589,1.1745e+016,1.1897e+016
1.59,1.1416e+016,1.1563e+016
1.591,1.1095e+016,1.1237e+016
1.592,1.0783e+016,1.092e+016
1.593,1.048e+016,1.0612e+016
1.594,1.0184e+016,1.0312e+016
1.595,9.8967e+015,1.002e+016
1.596,9.617e+015,9.7357e+015
1.597,9.3449e+015,9.4593e+015
1.598,9.0802e+015,9.1907e+015
1.599,8.8227e+015,8.9292e+015
1.6,8.5722e+015,8.675e+015
1.601,8.3284e+015,8.4276e+015
1.602,8.0914e+015,8.1871e+015
1.603,7.8608e+015,7.9531e+015
1.604,7.6366e+015,7.7257e+015
1.605,7.4184e+015,7.5043e+015
1.606,7.2063e+015,7.2892e+015
1.607,7e+015,7.08e+015
1.608,6.7994e+015,6.8765e+015
1.609,6.6043e+015,6.6788e+015
1.61,6.4146e+015,6.4864e+015
1.611,6.2302e+015,6.2995e+015
1.612,6.0509e+015,6.1177e+015
1.613,5.8765e+015,5.941e+015
1.614,5.707e+015,5.7692e+015
1.615,5.5422e+015,5.6022e+015
1.616,5.382e+015,5.4399e+015
1.617,5.2262e+015,5.2821e+015
1.618,5.0748e+015,5.1287e+015
1.619,4.9277e+015,4.9797e+015
1.62,4.7846e+015,4.8348e+015
1.621,4.6456e+015,4.694e+015
1.622,4.5105e+015,4.5572e+015
1.623,4.3792e+015,4.4242e+015
1.624,4.2516e+015,4.295e+015
1.625,4.1275e+015,4.1695e+015
1.626,4.007e+015,4.0474e+015
1.627,3.8899e+015,3.9289e+015
1.628,3.7761e+015,3.8137e+015
1.629,3.6655e+015,3.7018e+015
1.63,3.5581e+015,3.5931e+015
1.631,3.4537e+015,3.4875e+015
1.632,3.3523e+015,3.3848e+015
1.633,3.2537e+015,3.2852e+015
1.634,3.158e+015,3.1883e+015
1.635,3.065e+015,3.0943e+015
1.636,2.9747e+015,3.0029e+015
1.637,2.8869e+015,2.9141e+015
1.638,2.8017e+015,2.8279e+015
1.639,2.7189e+015,2.7442e+015
1.64,2.6385e+015,2.6629e+015
1.641,2.5604e+015,2.5839e+015
1.642,2.4845e+015,2.5072e+015
1.643,2.4108e+015,2.4327e+015
1.644,2.3393e+015,2.3604e+015
1.645,2.2698e+015,2.2902e+015
1.646,2.2023e+015,2.222e+015
1.647,2.1368e+015,2.1557e+015
1.648,2.0731e+015,2.0914e+015
1.649,2.0113e+015,2.029e+015
1.65,1.9513e+015,1.9684e+015
1.651,1.8931e+015,1.9095e+015
1.652,1.8365e+015,1.8524e+015
1.653,1.7816e+015,1.7969e+015
1.654,1.7283e+015,1.743e+015
1.655,1.6766e+015,1.6908e+015
1.656,1.6263e+015,1.64e+015
1.657,1.5775e+015,1.5907e+015
1.658,1.5302e+015,1.5429e+015
1.659,1.4842e+015,1.4965e+015
1.66,1.4396e+015,1.4515e+015
1.661,1.3963e+015,1.4077e+015
1.662,1.3542e+015,1.3653e+015
1.663,1.3134e+015,1.3241e+015
1.664,1.2738e+015,1.2841e+015
1.665,1.2354e+015,1.2453e+015
1.666,1.1981e+015,1.2076e+015
1.667,1.1619e+015,1.1711e+015
1.668,1.1267e+015,1.1356e+015
1.669,1.0926e+015,1.1012e+015
1.67,1.0595e+015,1.0678e+015
1.671,1.0274e+015,1.0354e+015
1.672,9.9628e+014,1.004e+015
1.673,9.6604e+014,9.7346e+014
1.674,9.367e+014,9.4386e+014
1.675,9.0824e+014,9.1513e+014
1.676,8.8062e+014,8.8727e+014
1.677,8.5382e+014,8.6023e+014
1.678,8.2782e+014,8.3401e+014
1.679,8.0259e+014,8.0856e+014
1.68,7.7812e+014,7.8388e+014
1.681,7.5437e+014,7.5992e+014
1.682,7.3134e+014,7.367e+014
1.683,7.0899e+014,7.1416e+014
1.684,6.8732e+014,6.923e+014
1.685,6.6629e+014,6.7109e+014
1.686,6.459e+014,6.5053e+014
1.687,6.2611e+014,6.3058e+014
1.688,6.0692e+014,6.1123e+014
1.689,5.883e+014,5.9246e+014
1.69,5.7025e+014,5.7425e+014
1.691,5.5274e+014,5.566e+014
1.692,5.3575e+014,5.3948e+014
1.693,5.1928e+014,5.2287e+014
1.694,5.033e+014,5.0677e+014
1.695,4.8781e+014,4.9115e+014
1.696,4.7278e+014,4.76e+014
1.697,4.5821e+014,4.6132e+014
1.698,4.4408e+014,4.4708e+014
1.699,4.3038e+014,4.3327e+014
1.7,4.1709e+014,4.1987e+014
1.701,4.042e+014,4.0689e+014
1.702,3.9171e+014,3.943e+014
1.703,3.7959e+014,3.8209e+014
1.704,3.6784e+014,3.7025e+014
1.705,3.5645e+014,3.5878e+014
1.706,3.4541e+014,3.4765e+014
1.707,3.347e+014,3.3686e+014
1.708,3.2432e+014,3.264e+014
1.709,3.1425e+014,3.1627e+014
1.71,3.045e+014,3.0643e+014
1.711,2.9503e+014,2.9691e+014
1.712,2.8586e+014,2.8767e+014
1.713,2.7697e+014,2.7871e+014
1.714,2.6835e+014,2.7003e+014
1.715,2.6e+014,2.6161e+014
1.716,2.519e+014,2.5346e+014
1.717,2.4404e+014,2.4555e+014
1.718,2.3643e+014,2.3788e+014
1.719,2.2906e+014,2.3045e+014
1.72,2.219e+014,2.2325e+014
1.721,2.1497e+014,2.1627e+014
1.722,2.0825e+014,2.0951e+014
1.723,2.0174e+014,2.0295e+014
1.724,1.9543e+014,1.966e+014
1.725,1.8932e+014,1.9044e+014
1.726,1.8339e+014,1.8447e+014
1.727,1.7764e+014,1.7869e+014
1.728,1.7207e+014,1.7308e+014
1.729,1.6668e+014,1.6765e+014
1.73,1.6145e+014,1.6238e+014
1.731,1.5638e+014,1.5728e+014
1.732,1.5147e+014,1.5234e+014
1.733,1.4671e+014,1.4755e+014
1.734,1.4209e+014,1.429e+014
1.735,1.3762e+014,1.384e+014
1.736,1.3329e+014,1.3405e+014
1.737,1.291e+014,1.2982e+014
1.738,1.2503e+014,1.2573e+014
1.739,1.2109e+014,1.2176e+014
1.74,1.1727e+014,1.1792e+014
1.741,1.1357e+014,1.142e+014
1.742,1.0999e+014,1.1059e+014
1.743,1.0652e+014,1.071e+014
1.744,1.0315e+014,1.0371e+014
1.745,9.9891e+013,1.0043e+014
1.746,9.6733e+013,9.7256e+013
1.747,9.3673e+013,9.4177e+013
1.748,9.0709e+013,9.1195e+013
1.749,8.7837e+013,8.8306e+013
1.75,8.5055e+013,8.5507e+013
1.751,8.236e+013,8.2796e+013
1.752,7.9749e+013,8.0169e+013
1.753,7.722e+013,7.7625e+013
1.754,7.477e+013,7.5161e+013
1.755,7.2396e+013,7.2773e+013
1.756,7.0097e+013,7.0461e+013
1.757,6.787e+013,6.8221e+013
1.758,6.5713e+013,6.6051e+013
1.759,6.3624e+013,6.3949e+013
1.76,6.16e+013,6.1914e+013
1.761,5.964e+013,5.9942e+013
1.762,5.7741e+013,5.8033e+013
1.763,5.5902e+013,5.6183e+013
1.764,5.4121e+013,5.4392e+013
1.765,5.2396e+013,5.2657e+013
1.766,5.0725e+013,5.0977e+013
1.767,4.9107e+013,4.935e+013
1.768,4.7539e+013,4.7774e+013
1.769,4.6022e+013,4.6248e+013
1.77,4.4552e+013,4.477e+013
1.771,4.3128e+013,4.3338e+013
1.772,4.175e+013,4.1952e+013
1.773,4.0414e+013,4.061e+013
1.774,3.9122e+013,3.931e+013
1.775,3.787e+013,3.8051e+013
1.776,3.6657e+013,3.6832e+013
1.777,3.5483e+013,3.5652e+013
1.778,3.4346e+013,3.4509e+013
1.779,3.3245e+013,3.3402e+013
1.78,3.2179e+013,3.2331e+013
1.781,3.1147e+013,3.1293e+013
1.782,3.0148e+013,3.0288e+013
1.783,2.918e+013,2.9315e+013
1.784,2.8243e+013,2.8373e+013
1.785,2.7335e+013,2.7462e+013
1.786,2.6457e+013,2.6578e+013
1.787,2.5606e+013,2.5724e+013
1.788,2.4783e+013,2.4896e+013
1.789,2.3986e+013,2.4095e+013
1.79,2.3214e+013,2.3319e+013
1.791,2.2466e+013,2.2568e+013
1.792,2.1743e+013,2.184e+013
1.793,2.1042e+013,2.1136e+013
1.794,2.0364e+013,2.0455e+013
1.795,1.9707e+013,1.9795e+013
1.796,1.9072e+013,1.9156e+013
1.797,1.8456e+013,1.8538e+013
1.798,1.7861e+013,1.7939e+013
1.799,1.7284e+013,1.736e+013
1.8,1.6726e+013,1.6799e+013
1.801,1.6186e+013,1.6256e+013
1.802,1.5662e+013,1.573e+013
1.803,1.5156e+013,1.5221e+013
1.804,1.4666e+013,1.4729e+013
1.805,1.4191e+013,1.4252e+013
1.806,1.3732e+013,1.3791e+013
1.807,1.3287e+013,1.3344e+013
1.808,1.2857e+013,1.2911e+013
1.809,1.2441e+013,1.2493e+013
1.81,1.2037e+013,1.2088e+013
1.811,1.1647e+013,1.1696e+013
1.812,1.127e+013,1.1316e+013
1.813,1.0904e+013,1.0949e+013
1.814,1.055e+013,1.0594e+013
1.815,1.0208e+013,1.025e+013
1.816,9.8762e+012,9.9168e+012
1.817,9.5555e+012,9.5945e+012
1.818,9.245e+012,9.2827e+012
1.819,8.9445e+012,8.9808e+012
1.82,8.6537e+012,8.6887e+012
1.821,8.3723e+012,8.406e+012
1.822,8.0999e+012,8.1325e+012
1.823,7.8363e+012,7.8677e+012
1.824,7.5812e+012,7.6115e+012
1.825,7.3344e+012,7.3635e+012
1.826,7.0955e+012,7.1236e+012
1.827,6.8643e+012,6.8914e+012
1.828,6.6406e+012,6.6667e+012
1.829,6.4241e+012,6.4492e+012
1.83,6.2146e+012,6.2388e+012
1.831,6.0118e+012,6.0352e+012
1.832,5.8157e+012,5.8382e+012
1.833,5.6258e+012,5.6476e+012
1.834,5.4421e+012,5.4631e+012
1.835,5.2644e+012,5.2846e+012
1.836,5.0924e+012,5.1119e+012
1.837,4.926e+012,4.9448e+012
1.838,4.765e+012,4.7831e+012
1.839,4.6092e+012,4.6266e+012
1.84,4.4584e+012,4.4752e+012
1.841,4.3125e+012,4.3287e+012
1.842,4.1714e+012,4.187e+012
1.843,4.0348e+012,4.0499e+012
1.844,3.9027e+012,3.9172e+012
1.845,3.7749e+012,3.7889e+012
1.846,3.6512e+012,3.6647e+012
1.847,3.5315e+012,3.5445e+012
1.848,3.4158e+012,3.4283e+012
1.849,3.3037e+012,3.3158e+012
1.85,3.1954e+012,3.207e+012
1.851,3.0905e+012,3.1018e+012
1.852,2.9891e+012,2.9999e+012
1.853,2.891e+012,2.9014e+012
1.854,2.7961e+012,2.8061e+012
1.855,2.7042e+012,2.7139e+012
1.856,2.6154e+012,2.6247e+012
1.857,2.5294e+012,2.5384e+012
1.858,2.4463e+012,2.4549e+012
1.859,2.3658e+012,2.3742e+012
1.86,2.288e+012,2.2961e+012
1.861,2.2127e+012,2.2205e+012
1.862,2.1399e+012,2.1474e+012
1.863,2.0695e+012,2.0767e+012
1.864,2.0014e+012,2.0083e+012
1.865,1.9354e+012,1.9422e+012
1.866,1.8717e+012,1.8782e+012
1.867,1.81e+012,1.8162e+012
1.868,1.7504e+012,1.7564e+012
1.869,1.6926e+012,1.6984e+012
1.87,1.6368e+012,1.6424e+012
1.871,1.5828e+012,1.5882e+012
1.872,1.5306e+012,1.5358e+012
1.873,1.4801e+012,1.4851e+012
1.874,1.4312e+012,1.4361e+012
1.875,1.384e+012,1.3886e+012
1.876,1.3383e+012,1.3428e+012
1.877,1.2941e+012,1.2984e+012
1.878,1.2513e+012,1.2555e+012
1.879,1.21e+012,1.214e+012
1.88,1.17e+012,1.1738e+012
1.881,1.1313e+012,1.135e+012
1.882,1.0939e+012,1.0974e+012
1.883,1.0577e+012,1.0611e+012
1.884,1.0227e+012,1.026e+012
1.885,9.8882e+011,9.9204e+011
1.886,9.5608e+011,9.5918e+011
1.887,9.2442e+011,9.2741e+011
1.888,8.938e+011,8.9669e+011
1.889,8.6419e+011,8.6697e+011
1.89,8.3555e+011,8.3823e+011
1.891,8.0786e+011,8.1044e+011
1.892,7.8107e+011,7.8356e+011
1.893,7.5517e+011,7.5757e+011
1.894,7.3012e+011,7.3243e+011
1.895,7.059e+011,7.0813e+011
1.896,6.8247e+011,6.8462e+011
1.897,6.5982e+011,6.6189e+011
1.898,6.3792e+011,6.3991e+011
1.899,6.1673e+011,6.1865e+011
1.9,5.9625e+011,5.981e+011
1.901,5.7644e+011,5.7822e+011
1.902,5.5728e+011,5.59e+011
1.903,5.3876e+011,5.4042e+011
1.904,5.2085e+011,5.2245e+011
1.905,5.0353e+011,5.0507e+011
1.906,4.8678e+011,4.8827e+011
1.907,4.7059e+011,4.7202e+011
1.908,4.5493e+011,4.5631e+011
1.909,4.3979e+011,4.4112e+011
1.91,4.2515e+011,4.2643e+011
1.911,4.1099e+011,4.1223e+011
1.912,3.973e+011,3.985e+011
1.913,3.8407e+011,3.8522e+011
1.914,3.7127e+011,3.7238e+011
1.915,3.589e+011,3.5997e+011
1.916,3.4694e+011,3.4796e+011
1.917,3.3537e+011,3.3636e+011
1.918,3.2419e+011,3.2514e+011
1.919,3.1337e+011,3.1429e+011
1.92,3.0292e+011,3.0381e+011
1.921,2.9281e+011,2.9367e+011
1.922,2.8304e+011,2.8386e+011
1.923,2.7359e+011,2.7438e+011
1.924,2.6445e+011,2.6522e+011
1.925,2.5562e+011,2.5636e+011
1.926,2.4708e+011,2.478e+011
1.927,2.3883e+011,2.3951e+011
1.928,2.3085e+011,2.3151e+011
1.929,2.2313e+011,2.2377e+011
1.93,2.1567e+011,2.1629e+011
1.931,2.0846e+011,2.0905e+011
1.932,2.0149e+011,2.0206e+011
1.933,1.9475e+011,1.953e+011
1.934,1.8823e+011,1.8876e+011
1.935,1.8193e+011,1.8244e+011
1.936,1.7585e+011,1.7634e+011
1.937,1.6996e+011,1.7043e+011
1.938,1.6427e+011,1.6472e+011
1.939,1.5877e+011,1.5921e+011
1.94,1.5345e+011,1.5387e+011
1.941,1.4831e+011,1.4872e+011
1.942,1.4334e+011,1.4373e+011
1.943,1.3853e+011,1.3891e+011
1.944,1.3389e+011,1.3425e+011
1.945,1.294e+011,1.2975e+011
1.946,1.2506e+011,1.254e+011
1.947,1.2086e+011,1.2119e+011
1.948,1.1681e+011,1.1713e+011
1.949,1.1289e+011,1.1319e+011
1.95,1.091e+011,1.0939e+011
1.951,1.0544e+011,1.0572e+011
1.952,1.019e+011,1.0217e+011
1.953,9.8476e+010,9.8739e+010
1.954,9.5169e+010,9.5422e+010
1.955,9.1972e+010,9.2216e+010
1.956,8.8881e+010,8.9116e+010
1.957,8.5894e+010,8.6121e+010
1.958,8.3007e+010,8.3226e+010
1.959,8.0217e+010,8.0427e+010
1.96,7.7519e+010,7.7722e+010
1.961,7.4912e+010,7.5108e+010
1.962,7.2392e+010,7.2581e+010
1.963,6.9957e+010,7.0138e+010
1.964,6.7603e+010,6.7778e+010
1.965,6.5328e+010,6.5496e+010
1.966,6.3128e+010,6.3291e+010
1.967,6.1003e+010,6.116e+010
1.968,5.8949e+010,5.91e+010
1.969,5.6963e+010,5.7109e+010
1.97,5.5044e+010,5.5185e+010
1.971,5.319e+010,5.3325e+010
1.972,5.1398e+010,5.1528e+010
1.973,4.9665e+010,4.9791e+010
1.974,4.7991e+010,4.8112e+010
1.975,4.6373e+010,4.649e+010
1.976,4.4809e+010,4.4922e+010
1.977,4.3298e+010,4.3406e+010
1.978,4.1837e+010,4.1942e+010
1.979,4.0426e+010,4.0526e+010
1.98,3.9062e+010,3.9158e+010
1.981,3.7743e+010,3.7837e+010
1.982,3.6469e+010,3.6559e+010
1.983,3.5238e+010,3.5325e+010
1.984,3.4048e+010,3.4131e+010
1.985,3.2898e+010,3.2978e+010
1.986,3.1787e+010,3.1864e+010
1.987,3.0713e+010,3.0788e+010
1.988,2.9675e+010,2.9747e+010
1.989,2.8672e+010,2.8741e+010
1.99,2.7703e+010,2.777e+010
1.991,2.6766e+010,2.6831e+010
1.992,2.5861e+010,2.5923e+010
1.993,2.4987e+010,2.5047e+010
1.994,2.4141e+010,2.4199e+010
1.995,2.3325e+010,2.338e+010
1.996,2.2535e+010,2.2589e+010
1.997,2.1773e+010,2.1825e+010
1.998,2.1036e+010,2.1086e+010
1.999,2.0324e+010,2.0372e+010
2,1.9636e+010,1.9682e+010
