0,0,-0
0.001,6.0477e+010,-1.1567e+009
0.002,2.4471e+011,-5.1633e+009
0.003,5.5612e+011,-2.2437e+010
0.004,1.0001e+012,-4.2352e+010
0.005,1.5783e+012,-9.7407e+010
0.006,2.2991e+012,-1.4656e+011
0.007,3.1606e+012,-2.6308e+011
0.008,4.176e+012,-3.5619e+011
0.009,5.338e+012,-5.6002e+011
0.01,6.6665e+012,-7.133e+011
0.011,8.147e+012,-1.0325e+012
0.012,9.8079e+012,-1.2638e+012
0.013,1.1625e+013,-1.729e+012
0.014,1.3639e+013,-2.0576e+012
0.015,1.5813e+013,-2.7018e+012
0.016,1.82e+013,-3.1492e+012
0.017,2.0751e+013,-4.0082e+012
0.018,2.3533e+013,-4.5975e+012
0.019,2.6482e+013,-5.7098e+012
0.02,2.9683e+013,-6.4662e+012
0.021,3.3051e+013,-7.8736e+012
0.022,3.6693e+013,-8.8244e+012
0.023,4.0504e+013,-1.0572e+013
0.024,4.4613e+013,-1.1747e+013
0.025,4.8889e+013,-1.3882e+013
0.026,5.349e+013,-1.5313e+013
0.027,5.8256e+013,-1.7888e+013
0.028,6.3377e+013,-1.9609e+013
0.029,6.8659e+013,-2.268e+013
0.03,7.4326e+013,-2.4729e+013
0.031,8.015e+013,-2.8355e+013
0.032,8.6393e+013,-3.0772e+013
0.033,9.2786e+013,-3.5016e+013
0.034,9.9635e+013,-3.7844e+013
0.035,1.0663e+014,-4.2775e+013
0.036,1.1411e+014,-4.6061e+013
0.037,1.2173e+014,-5.1751e+013
0.038,1.2988e+014,-5.5543e+013
0.039,1.3816e+014,-6.207e+013
0.04,1.4702e+014,-6.6423e+013
0.041,1.5599e+014,-7.3869e+013
0.042,1.6558e+014,-7.884e+013
0.043,1.7527e+014,-8.7294e+013
0.044,1.8533e+014,-9.6384e+013
0.045,1.9609e+014,-1.025e+014
0.046,2.0692e+014,-1.1275e+014
0.047,2.1851e+014,-1.1965e+014
0.048,2.3015e+014,-1.3116e+014
0.049,2.4261e+014,-1.3892e+014
0.05,2.551e+014,-1.518e+014
0.051,2.6847e+014,-1.6049e+014
0.052,2.8184e+014,-1.7486e+014
0.053,2.9617e+014,-1.8457e+014
0.054,3.1047e+014,-2.0056e+014
0.055,3.2579e+014,-2.1137e+014
0.056,3.4106e+014,-2.291e+014
0.057,3.5743e+014,-2.4111e+014
0.058,3.7371e+014,-2.6072e+014
0.059,3.9117e+014,-2.7403e+014
0.06,4.085e+014,-2.9567e+014
0.061,4.2711e+014,-3.1039e+014
0.062,4.4554e+014,-3.3421e+014
0.063,4.6534e+014,-3.5044e+014
0.064,4.8492e+014,-3.7661e+014
0.065,5.0596e+014,-3.9447e+014
0.066,5.2674e+014,-4.2318e+014
0.067,5.4908e+014,-4.4279e+014
0.068,5.7111e+014,-4.7421e+014
0.069,5.9482e+014,-4.9571e+014
0.07,6.1815e+014,-5.3003e+014
0.071,6.4327e+014,-5.5357e+014
0.072,6.6795e+014,-5.91e+014
0.073,6.9455e+014,-6.1673e+014
0.074,7.2065e+014,-6.5749e+014
0.075,7.4879e+014,-6.8555e+014
0.076,7.7636e+014,-7.2987e+014
0.077,8.061e+014,-7.6044e+014
0.078,8.352e+014,-8.0856e+014
0.079,8.6662e+014,-8.4182e+014
0.08,8.9732e+014,-8.94e+014
0.081,9.3048e+014,-9.3013e+014
0.082,9.6283e+014,-9.8664e+014
0.083,9.9782e+014,-1.0258e+015
0.084,1.0319e+015,-1.087e+015
0.085,1.0668e+015,-1.1509e+015
0.086,1.1046e+015,-1.1955e+015
0.087,1.1414e+015,-1.2645e+015
0.088,1.1812e+015,-1.3127e+015
0.089,1.2199e+015,-1.3871e+015
0.09,1.2618e+015,-1.4392e+015
0.091,1.3024e+015,-1.5194e+015
0.092,1.3465e+015,-1.5757e+015
0.093,1.3891e+015,-1.6619e+015
0.094,1.4355e+015,-1.7226e+015
0.095,1.4803e+015,-1.8154e+015
0.096,1.529e+015,-1.8807e+015
0.097,1.576e+015,-1.9804e+015
0.098,1.6271e+015,-2.0507e+015
0.099,1.6764e+015,-2.1576e+015
0.1,1.7301e+015,-2.2332e+015
0.101,1.7818e+015,-2.348e+015
0.102,1.8381e+015,-2.4292e+015
0.103,1.8922e+015,-2.5521e+015
0.104,1.9513e+015,-2.6393e+015
0.105,2.008e+015,-2.7709e+015
0.106,2.0699e+015,-2.8645e+015
0.107,2.1293e+015,-3.0053e+015
0.108,2.1941e+015,-3.1055e+015
0.109,2.2563e+015,-3.2561e+015
0.11,2.3242e+015,-3.3635e+015
0.111,2.3892e+015,-3.5244e+015
0.112,2.4603e+015,-3.6393e+015
0.113,2.5282e+015,-3.811e+015
0.114,2.6026e+015,-3.9339e+015
0.115,2.6736e+015,-4.1172e+015
0.116,2.7515e+015,-4.2486e+015
0.117,2.8257e+015,-4.444e+015
0.118,2.9071e+015,-4.5843e+015
0.119,2.9846e+015,-4.7926e+015
0.12,3.0697e+015,-4.9424e+015
0.121,3.1506e+015,-5.1642e+015
0.122,3.2395e+015,-5.324e+015
0.123,3.3239e+015,-5.5602e+015
0.124,3.4168e+015,-5.7306e+015
0.125,3.5049e+015,-5.9818e+015
0.126,3.6019e+015,-6.1634e+015
0.127,3.6937e+015,-6.4305e+015
0.128,3.7874e+015,-6.7071e+015
0.129,3.8908e+015,-6.9078e+015
0.13,3.9885e+015,-7.2017e+015
0.131,4.0963e+015,-7.4153e+015
0.132,4.1981e+015,-7.7273e+015
0.133,4.3106e+015,-7.9545e+015
0.134,4.4166e+015,-8.2857e+015
0.135,4.534e+015,-8.5272e+015
0.136,4.6444e+015,-8.8786e+015
0.137,4.7667e+015,-9.1352e+015
0.138,4.8817e+015,-9.5078e+015
0.139,5.0092e+015,-9.7804e+015
0.14,5.1289e+015,-1.0175e+016
0.141,5.2617e+015,-1.0465e+016
0.142,5.3863e+015,-1.0883e+016
0.143,5.5247e+015,-1.119e+016
0.144,5.6543e+015,-1.1633e+016
0.145,5.7983e+015,-1.1959e+016
0.146,5.9332e+015,-1.2428e+016
0.147,6.0832e+015,-1.2773e+016
0.148,6.2234e+015,-1.327e+016
0.149,6.3795e+015,-1.3636e+016
0.15,6.5253e+015,-1.4161e+016
0.151,6.6877e+015,-1.4549e+016
0.152,6.8392e+015,-1.5104e+016
0.153,7.0082e+015,-1.5515e+016
0.154,7.1657e+015,-1.6102e+016
0.155,7.3415e+015,-1.6536e+016
0.156,7.505e+015,-1.7156e+016
0.157,7.6878e+015,-1.7616e+016
0.158,7.8577e+015,-1.8271e+016
0.159,8.0477e+015,-1.8758e+016
0.16,8.2241e+015,-1.945e+016
0.161,8.4216e+015,-1.9964e+016
0.162,8.6047e+015,-2.0694e+016
0.163,8.81e+015,-2.1238e+016
0.164,9.0001e+015,-2.2008e+016
0.165,9.2134e+015,-2.2583e+016
0.166,9.4106e+015,-2.3396e+016
0.167,9.6321e+015,-2.4003e+016
0.168,9.8367e+015,-2.486e+016
0.169,1.0045e+016,-2.5743e+016
0.17,1.0279e+016,-2.6404e+016
0.171,1.0495e+016,-2.7335e+016
0.172,1.0738e+016,-2.8033e+016
0.173,1.0962e+016,-2.9014e+016
0.174,1.1214e+016,-2.975e+016
0.175,1.1446e+016,-3.0783e+016
0.176,1.1708e+016,-3.156e+016
0.177,1.1949e+016,-3.2648e+016
0.178,1.2221e+016,-3.3468e+016
0.179,1.247e+016,-3.4613e+016
0.18,1.2752e+016,-3.5476e+016
0.181,1.301e+016,-3.6682e+016
0.182,1.3302e+016,-3.7592e+016
0.183,1.357e+016,-3.886e+016
0.184,1.3873e+016,-3.9819e+016
0.185,1.415e+016,-4.1153e+016
0.186,1.4465e+016,-4.2163e+016
0.187,1.4752e+016,-4.3566e+016
0.188,1.5078e+016,-4.463e+016
0.189,1.5375e+016,-4.6105e+016
0.19,1.5713e+016,-4.7225e+016
0.191,1.602e+016,-4.8775e+016
0.192,1.6371e+016,-4.9953e+016
0.193,1.6689e+016,-5.1583e+016
0.194,1.7052e+016,-5.2822e+016
0.195,1.7381e+016,-5.4534e+016
0.196,1.7757e+016,-5.5838e+016
0.197,1.8098e+016,-5.7636e+016
0.198,1.8487e+016,-5.9007e+016
0.199,1.8839e+016,-6.0896e+016
0.2,1.9243e+016,-6.2337e+016
0.201,1.9607e+016,-6.432e+016
0.202,2.0025e+016,-6.5835e+016
0.203,2.0402e+016,-6.7916e+016
0.204,2.0834e+016,-6.9508e+016
0.205,2.1224e+016,-7.1692e+016
0.206,2.1671e+016,-7.3364e+016
0.207,2.2074e+016,-7.5655e+016
0.208,2.2537e+016,-7.7413e+016
0.209,2.2954e+016,-7.9816e+016
0.21,2.3433e+016,-8.1661e+016
0.211,2.3863e+016,-8.4181e+016
0.212,2.43e+016,-8.6771e+016
0.213,2.4804e+016,-8.8761e+016
0.214,2.5255e+016,-9.1476e+016
0.215,2.5776e+016,-9.3566e+016
0.216,2.6242e+016,-9.641e+016
0.217,2.6781e+016,-9.8603e+016
0.218,2.7263e+016,-1.0158e+017
0.219,2.782e+016,-1.0388e+017
0.22,2.8317e+016,-1.0701e+017
0.221,2.8893e+016,-1.0942e+017
0.222,2.9407e+016,-1.1269e+017
0.223,3.0002e+016,-1.1522e+017
0.224,3.0532e+016,-1.1865e+017
0.225,3.1148e+016,-1.213e+017
0.226,3.1695e+016,-1.2489e+017
0.227,3.2332e+016,-1.2767e+017
0.228,3.2896e+016,-1.3143e+017
0.229,3.3554e+016,-1.3434e+017
0.23,3.4136e+016,-1.3828e+017
0.231,3.4816e+016,-1.4133e+017
0.232,3.5417e+016,-1.4545e+017
0.233,3.6119e+016,-1.4865e+017
0.234,3.6739e+016,-1.5295e+017
0.235,3.7464e+016,-1.563e+017
0.236,3.8103e+016,-1.6081e+017
0.237,3.8853e+016,-1.6432e+017
0.238,3.9512e+016,-1.6904e+017
0.239,4.0286e+016,-1.7271e+017
0.24,4.0965e+016,-1.7764e+017
0.241,4.1764e+016,-1.8149e+017
0.242,4.2465e+016,-1.8665e+017
0.243,4.329e+016,-1.9067e+017
0.244,4.4012e+016,-1.9606e+017
0.245,4.4863e+016,-2.0028e+017
0.246,4.5608e+016,-2.0592e+017
0.247,4.6487e+016,-2.1032e+017
0.248,4.7254e+016,-2.1622e+017
0.249,4.8161e+016,-2.2083e+017
0.25,4.8951e+016,-2.2699e+017
0.251,4.9887e+016,-2.3181e+017
0.252,5.0701e+016,-2.3825e+017
0.253,5.1526e+016,-2.4485e+017
0.254,5.2505e+016,-2.5002e+017
0.255,5.3355e+016,-2.5691e+017
0.256,5.4365e+016,-2.6232e+017
0.257,5.524e+016,-2.6952e+017
0.258,5.6282e+016,-2.7518e+017
0.259,5.7183e+016,-2.827e+017
0.26,5.8258e+016,-2.8861e+017
0.261,5.9185e+016,-2.9646e+017
0.262,6.0293e+016,-3.0264e+017
0.263,6.1247e+016,-3.1084e+017
0.264,6.239e+016,-3.173e+017
0.265,6.3372e+016,-3.2586e+017
0.266,6.455e+016,-3.3261e+017
0.267,6.5561e+016,-3.4154e+017
0.268,6.6776e+016,-3.4859e+017
0.269,6.7816e+016,-3.5791e+017
0.27,6.9067e+016,-3.6528e+017
0.271,7.0137e+016,-3.7501e+017
0.272,7.1427e+016,-3.827e+017
0.273,7.2527e+016,-3.9285e+017
0.274,7.3856e+016,-4.0089e+017
0.275,7.4988e+016,-4.1148e+017
0.276,7.6357e+016,-4.1987e+017
0.277,7.7521e+016,-4.3092e+017
0.278,7.8931e+016,-4.3968e+017
0.279,8.0128e+016,-4.5121e+017
0.28,8.1581e+016,-4.6035e+017
0.281,8.2811e+016,-4.7237e+017
0.282,8.4307e+016,-4.8191e+017
0.283,8.5571e+016,-4.9445e+017
0.284,8.7112e+016,-5.0441e+017
0.285,8.8411e+016,-5.1749e+017
0.286,8.9998e+016,-5.2788e+017
0.287,9.1333e+016,-5.4151e+017
0.288,9.2966e+016,-5.5235e+017
0.289,9.4338e+016,-5.6656e+017
0.29,9.6019e+016,-5.7788e+017
0.291,9.7428e+016,-5.9269e+017
0.292,9.9159e+016,-6.0449e+017
0.293,1.0061e+017,-6.1993e+017
0.294,1.0239e+017,-6.3224e+017
0.295,1.0387e+017,-6.4833e+017
0.296,1.0538e+017,-6.6481e+017
0.297,1.0723e+017,-6.7794e+017
0.298,1.0877e+017,-6.9511e+017
0.299,1.1068e+017,-7.0881e+017
0.3,1.1227e+017,-7.2669e+017
0.301,1.1423e+017,-7.4097e+017
0.302,1.1586e+017,-7.596e+017
0.303,1.1788e+017,-7.7449e+017
0.304,1.1954e+017,-7.9389e+017
0.305,1.2162e+017,-8.0942e+017
0.306,1.2333e+017,-8.2963e+017
0.307,1.2547e+017,-8.4581e+017
0.308,1.2723e+017,-8.6686e+017
0.309,1.2942e+017,-8.8372e+017
0.31,1.3122e+017,-9.0564e+017
0.311,1.3348e+017,-9.2322e+017
0.312,1.3533e+017,-9.4604e+017
0.313,1.3765e+017,-9.6436e+017
0.314,1.3954e+017,-9.8812e+017
0.315,1.4193e+017,-1.0072e+018
0.316,1.4387e+017,-1.0319e+018
0.317,1.4632e+017,-1.0518e+018
0.318,1.4831e+017,-1.0776e+018
0.319,1.5083e+017,-1.0983e+018
0.32,1.5287e+017,-1.1251e+018
0.321,1.5546e+017,-1.1467e+018
0.322,1.5755e+017,-1.1746e+018
0.323,1.6021e+017,-1.197e+018
0.324,1.6235e+017,-1.2261e+018
0.325,1.6509e+017,-1.2495e+018
0.326,1.6728e+017,-1.2797e+018
0.327,1.7008e+017,-1.3041e+018
0.328,1.7233e+017,-1.3355e+018
0.329,1.7521e+017,-1.3609e+018
0.33,1.7751e+017,-1.3936e+018
0.331,1.8047e+017,-1.42e+018
0.332,1.8282e+017,-1.454e+018
0.333,1.8586e+017,-1.4815e+018
0.334,1.8827e+017,-1.5169e+018
0.335,1.9139e+017,-1.5456e+018
0.336,1.9386e+017,-1.5824e+018
0.337,1.9634e+017,-1.6201e+018
0.338,1.9958e+017,-1.6505e+018
0.339,2.0213e+017,-1.6897e+018
0.34,2.0545e+017,-1.7214e+018
0.341,2.0805e+017,-1.7621e+018
0.342,2.1146e+017,-1.7951e+018
0.343,2.1412e+017,-1.8375e+018
0.344,2.1762e+017,-1.8718e+018
0.345,2.2034e+017,-1.9158e+018
0.346,2.2393e+017,-1.9516e+018
0.347,2.2671e+017,-1.9973e+018
0.348,2.3039e+017,-2.0345e+018
0.349,2.3323e+017,-2.0821e+018
0.35,2.37e+017,-2.1208e+018
0.351,2.3991e+017,-2.1703e+018
0.352,2.4378e+017,-2.2105e+018
0.353,2.4675e+017,-2.2619e+018
0.354,2.5071e+017,-2.3038e+018
0.355,2.5374e+017,-2.3573e+018
0.356,2.5781e+017,-2.4008e+018
0.357,2.609e+017,-2.4564e+018
0.358,2.6507e+017,-2.5016e+018
0.359,2.6823e+017,-2.5594e+018
0.36,2.725e+017,-2.6065e+018
0.361,2.7573e+017,-2.6665e+018
0.362,2.8011e+017,-2.7154e+018
0.363,2.834e+017,-2.7778e+018
0.364,2.8788e+017,-2.8287e+018
0.365,2.9124e+017,-2.8936e+018
0.366,2.9583e+017,-2.9465e+018
0.367,2.9926e+017,-3.0138e+018
0.368,3.0396e+017,-3.0688e+018
0.369,3.0745e+017,-3.1388e+018
0.37,3.1227e+017,-3.196e+018
0.371,3.1583e+017,-3.2687e+018
0.372,3.2076e+017,-3.3282e+018
0.373,3.2439e+017,-3.4037e+018
0.374,3.2944e+017,-3.4655e+018
0.375,3.3314e+017,-3.544e+018
0.376,3.3831e+017,-3.6082e+018
0.377,3.4208e+017,-3.6897e+018
0.378,3.4737e+017,-3.7565e+018
0.379,3.512e+017,-3.8411e+018
0.38,3.5506e+017,-3.9276e+018
0.381,3.6052e+017,-3.9984e+018
0.382,3.6445e+017,-4.0882e+018
0.383,3.7003e+017,-4.1618e+018
0.384,3.7403e+017,-4.2551e+018
0.385,3.7974e+017,-4.3316e+018
0.386,3.8381e+017,-4.4284e+018
0.387,3.8965e+017,-4.5079e+018
0.388,3.9378e+017,-4.6084e+018
0.389,3.9976e+017,-4.691e+018
0.39,4.0396e+017,-4.7954e+018
0.391,4.1007e+017,-4.8811e+018
0.392,4.1434e+017,-4.9895e+018
0.393,4.2058e+017,-5.0786e+018
0.394,4.2492e+017,-5.1911e+018
0.395,4.313e+017,-5.2837e+018
0.396,4.357e+017,-5.4005e+018
0.397,4.4222e+017,-5.4966e+018
0.398,4.467e+017,-5.6179e+018
0.399,4.5336e+017,-5.7177e+018
0.4,4.5789e+017,-5.8436e+018
0.401,4.647e+017,-5.9473e+018
0.402,4.693e+017,-6.0779e+018
0.403,4.7625e+017,-6.1856e+018
0.404,4.8092e+017,-6.3212e+018
0.405,4.8801e+017,-6.433e+018
0.406,4.9274e+017,-6.5737e+018
0.407,4.9998e+017,-6.6898e+018
0.408,5.0478e+017,-6.8359e+018
0.409,5.1216e+017,-6.9564e+018
0.41,5.1702e+017,-7.108e+018
0.411,5.2456e+017,-7.2332e+018
0.412,5.2948e+017,-7.3904e+018
0.413,5.3717e+017,-7.5204e+018
0.414,5.4214e+017,-7.6835e+018
0.415,5.4999e+017,-7.8185e+018
0.416,5.5502e+017,-7.9877e+018
0.417,5.6302e+017,-8.1278e+018
0.418,5.6811e+017,-8.3034e+018
0.419,5.7626e+017,-8.4488e+018
0.42,5.814e+017,-8.631e+018
0.421,5.8971e+017,-8.782e+018
0.422,5.949e+017,-8.971e+018
0.423,6.0009e+017,-9.1639e+018
0.424,6.0861e+017,-9.3237e+018
0.425,6.1384e+017,-9.5239e+018
0.426,6.2253e+017,-9.6898e+018
0.427,6.278e+017,-9.8973e+018
0.428,6.3664e+017,-1.0069e+019
0.429,6.4196e+017,-1.0285e+019
0.43,6.5096e+017,-1.0463e+019
0.431,6.5631e+017,-1.0687e+019
0.432,6.6548e+017,-1.0872e+019
0.433,6.7086e+017,-1.1104e+019
0.434,6.8019e+017,-1.1296e+019
0.435,6.856e+017,-1.1536e+019
0.436,6.9509e+017,-1.1736e+019
0.437,7.0054e+017,-1.1985e+019
0.438,7.1019e+017,-1.2192e+019
0.439,7.1565e+017,-1.245e+019
0.44,7.2546e+017,-1.2665e+019
0.441,7.3095e+017,-1.2933e+019
0.442,7.4092e+017,-1.3156e+019
0.443,7.4642e+017,-1.3433e+019
0.444,7.5656e+017,-1.3664e+019
0.445,7.6206e+017,-1.3952e+019
0.446,7.7236e+017,-1.4192e+019
0.447,7.7787e+017,-1.4491e+019
0.448,7.8833e+017,-1.4739e+019
0.449,7.9384e+017,-1.5049e+019
0.45,8.0446e+017,-1.5307e+019
0.451,8.0996e+017,-1.5628e+019
0.452,8.2075e+017,-1.5895e+019
0.453,8.2623e+017,-1.6228e+019
0.454,8.3718e+017,-1.6506e+019
0.455,8.4264e+017,-1.685e+019
0.456,8.5375e+017,-1.7138e+019
0.457,8.5919e+017,-1.7495e+019
0.458,8.7045e+017,-1.7794e+019
0.459,8.7585e+017,-1.8164e+019
0.46,8.8727e+017,-1.8474e+019
0.461,8.9264e+017,-1.8858e+019
0.462,9.0421e+017,-1.9179e+019
0.463,9.0953e+017,-1.9577e+019
0.464,9.1478e+017,-1.9983e+019
0.465,9.2652e+017,-2.0322e+019
0.466,9.3171e+017,-2.0743e+019
0.467,9.4359e+017,-2.1094e+019
0.468,9.4871e+017,-2.153e+019
0.469,9.6075e+017,-2.1895e+019
0.47,9.6579e+017,-2.2347e+019
0.471,9.7797e+017,-2.2725e+019
0.472,9.8293e+017,-2.3193e+019
0.473,9.9524e+017,-2.3585e+019
0.474,1.0001e+018,-2.407e+019
0.475,1.0126e+018,-2.4477e+019
0.476,1.0173e+018,-2.4979e+019
0.477,1.0299e+018,-2.5401e+019
0.478,1.0346e+018,-2.5921e+019
0.479,1.0473e+018,-2.6358e+019
0.48,1.0518e+018,-2.6898e+019
0.481,1.0647e+018,-2.735e+019
0.482,1.0691e+018,-2.7909e+019
0.483,1.082e+018,-2.8379e+019
0.484,1.0863e+018,-2.8957e+019
0.485,1.0994e+018,-2.9444e+019
0.486,1.1035e+018,-3.0044e+019
0.487,1.1167e+018,-3.0548e+019
0.488,1.1207e+018,-3.1169e+019
0.489,1.134e+018,-3.1692e+019
0.49,1.1378e+018,-3.2335e+019
0.491,1.1512e+018,-3.2877e+019
0.492,1.1548e+018,-3.3543e+019
0.493,1.1683e+018,-3.4104e+019
0.494,1.1718e+018,-3.4795e+019
0.495,1.1853e+018,-3.5376e+019
0.496,1.1886e+018,-3.6091e+019
0.497,1.2023e+018,-3.6694e+019
0.498,1.2054e+018,-3.7435e+019
0.499,1.2191e+018,-3.8059e+019
0.5,1.222e+018,-3.8826e+019
0.501,1.2358e+018,-3.9473e+019
0.502,1.2385e+018,-4.0267e+019
0.503,1.2524e+018,-4.0938e+019
0.504,1.2548e+018,-4.176e+019
0.505,1.2688e+018,-4.2455e+019
0.506,1.271e+018,-4.3307e+019
0.507,1.273e+018,-4.4175e+019
0.508,1.287e+018,-4.4908e+019
0.509,1.2888e+018,-4.5808e+019
0.51,1.3029e+018,-4.6568e+019
0.511,1.3045e+018,-4.7499e+019
0.512,1.3185e+018,-4.8286e+019
0.513,1.3199e+018,-4.925e+019
0.514,1.334e+018,-5.0065e+019
0.515,1.3351e+018,-5.1063e+019
0.516,1.3493e+018,-5.1908e+019
0.517,1.3502e+018,-5.2941e+019
0.518,1.3644e+018,-5.3816e+019
0.519,1.3651e+018,-5.4886e+019
0.52,1.3793e+018,-5.5792e+019
0.521,1.3797e+018,-5.69e+019
0.522,1.394e+018,-5.7838e+019
0.523,1.3942e+018,-5.8985e+019
0.524,1.4086e+018,-5.9957e+019
0.525,1.4085e+018,-6.1144e+019
0.526,1.4229e+018,-6.2151e+019
0.527,1.4227e+018,-6.338e+019
0.528,1.4371e+018,-6.4422e+019
0.529,1.4366e+018,-6.5694e+019
0.53,1.4511e+018,-6.6774e+019
0.531,1.4505e+018,-6.8091e+019
0.532,1.465e+018,-6.9209e+019
0.533,1.4642e+018,-7.0572e+019
0.534,1.4787e+018,-7.173e+019
0.535,1.4778e+018,-7.3141e+019
0.536,1.4924e+018,-7.4339e+019
0.537,1.4913e+018,-7.58e+019
0.538,1.506e+018,-7.7041e+019
0.539,1.5048e+018,-7.8552e+019
0.54,1.5195e+018,-7.9838e+019
0.541,1.5182e+018,-8.1402e+019
0.542,1.533e+018,-8.2732e+019
0.543,1.5317e+018,-8.4352e+019
0.544,1.5466e+018,-8.5729e+019
0.545,1.5452e+018,-8.7405e+019
0.546,1.5602e+018,-8.8831e+019
0.547,1.5588e+018,-9.0565e+019
0.548,1.5576e+018,-9.2332e+019
0.549,1.5726e+018,-9.3836e+019
0.55,1.5715e+018,-9.5665e+019
0.551,1.5865e+018,-9.7222e+019
0.552,1.5855e+018,-9.9114e+019
0.553,1.6007e+018,-1.0073e+020
0.554,1.5998e+018,-1.0268e+020
0.555,1.6152e+018,-1.0435e+020
0.556,1.6145e+018,-1.0638e+020
0.557,1.63e+018,-1.0811e+020
0.558,1.6295e+018,-1.102e+020
0.559,1.6452e+018,-1.1199e+020
0.56,1.645e+018,-1.1416e+020
0.561,1.6609e+018,-1.1601e+020
0.562,1.661e+018,-1.1825e+020
0.563,1.6771e+018,-1.2017e+020
0.564,1.6776e+018,-1.2249e+020
0.565,1.694e+018,-1.2447e+020
0.566,1.6948e+018,-1.2687e+020
0.567,1.7114e+018,-1.2893e+020
0.568,1.7127e+018,-1.3141e+020
0.569,1.7296e+018,-1.3353e+020
0.57,1.7313e+018,-1.3611e+020
0.571,1.7485e+018,-1.383e+020
0.572,1.7508e+018,-1.4096e+020
0.573,1.7683e+018,-1.4324e+020
0.574,1.7712e+018,-1.4599e+020
0.575,1.789e+018,-1.4834e+020
0.576,1.7925e+018,-1.5119e+020
0.577,1.8107e+018,-1.5362e+020
0.578,1.8148e+018,-1.5657e+020
0.579,1.8334e+018,-1.5909e+020
0.58,1.8382e+018,-1.6213e+020
0.581,1.8572e+018,-1.6474e+020
0.582,1.8627e+018,-1.6789e+020
0.583,1.8822e+018,-1.7059e+020
0.584,1.8884e+018,-1.7385e+020
0.585,1.9083e+018,-1.7664e+020
0.586,1.9153e+018,-1.8001e+020
0.587,1.9357e+018,-1.829e+020
0.588,1.9435e+018,-1.8638e+020
0.589,1.9645e+018,-1.8937e+020
0.59,1.9731e+018,-1.9297e+020
0.591,1.9824e+018,-1.9665e+020
0.592,2.0041e+018,-1.9979e+020
0.593,2.0142e+018,-2.0359e+020
0.594,2.0365e+018,-2.0685e+020
0.595,2.0476e+018,-2.1078e+020
0.596,2.0704e+018,-2.1415e+020
0.597,2.0824e+018,-2.1821e+020
0.598,2.1059e+018,-2.2169e+020
0.599,2.1189e+018,-2.2589e+020
0.6,2.143e+018,-2.295e+020
0.601,2.1569e+018,-2.3384e+020
0.602,2.1817e+018,-2.3757e+020
0.603,2.1966e+018,-2.4206e+020
0.604,2.222e+018,-2.4592e+020
0.605,2.238e+018,-2.5057e+020
0.606,2.2641e+018,-2.5456e+020
0.607,2.2811e+018,-2.5936e+020
0.608,2.308e+018,-2.6349e+020
0.609,2.326e+018,-2.6845e+020
0.61,2.3537e+018,-2.7273e+020
0.611,2.3728e+018,-2.7786e+020
0.612,2.4012e+018,-2.8228e+020
0.613,2.4213e+018,-2.8758e+020
0.614,2.4505e+018,-2.9216e+020
0.615,2.4718e+018,-2.9764e+020
0.616,2.5018e+018,-3.0237e+020
0.617,2.5242e+018,-3.0804e+020
0.618,2.5551e+018,-3.1293e+020
0.619,2.5786e+018,-3.1879e+020
0.62,2.6103e+018,-3.2385e+020
0.621,2.635e+018,-3.2991e+020
0.622,2.6676e+018,-3.3514e+020
0.623,2.6935e+018,-3.4141e+020
0.624,2.727e+018,-3.4682e+020
0.625,2.754e+018,-3.533e+020
0.626,2.7884e+018,-3.5889e+020
0.627,2.8167e+018,-3.6559e+020
0.628,2.8521e+018,-3.7137e+020
0.629,2.8815e+018,-3.783e+020
0.63,2.9179e+018,-3.8428e+020
0.631,2.9486e+018,-3.9144e+020
0.632,2.9801e+018,-3.9873e+020
0.633,3.0179e+018,-4.0502e+020
0.634,3.0506e+018,-4.1256e+020
0.635,3.0894e+018,-4.1906e+020
0.636,3.1234e+018,-4.2685e+020
0.637,3.1633e+018,-4.3359e+020
0.638,3.1986e+018,-4.4163e+020
0.639,3.2396e+018,-4.486e+020
0.64,3.2762e+018,-4.5691e+020
0.641,3.3183e+018,-4.6411e+020
0.642,3.3562e+018,-4.7271e+020
0.643,3.3995e+018,-4.8015e+020
0.644,3.4387e+018,-4.8904e+020
0.645,3.4832e+018,-4.9673e+020
0.646,3.5238e+018,-5.0592e+020
0.647,3.5694e+018,-5.1387e+020
0.648,3.6114e+018,-5.2336e+020
0.649,3.6582e+018,-5.3159e+020
0.65,3.7017e+018,-5.414e+020
0.651,3.7497e+018,-5.499e+020
0.652,3.7946e+018,-5.6004e+020
0.653,3.8439e+018,-5.6883e+020
0.654,3.8902e+018,-5.7931e+020
0.655,3.9409e+018,-5.8839e+020
0.656,3.9887e+018,-5.9922e+020
0.657,4.0407e+018,-6.0861e+020
0.658,4.09e+018,-6.198e+020
0.659,4.1434e+018,-6.2951e+020
0.66,4.1942e+018,-6.4108e+020
0.661,4.249e+018,-6.5111e+020
0.662,4.3013e+018,-6.6307e+020
0.663,4.3575e+018,-6.7344e+020
0.664,4.4115e+018,-6.8579e+020
0.665,4.4692e+018,-6.9651e+020
0.666,4.5248e+018,-7.0927e+020
0.667,4.5839e+018,-7.2036e+020
0.668,4.6412e+018,-7.3354e+020
0.669,4.7019e+018,-7.45e+020
0.67,4.7608e+018,-7.5862e+020
0.671,4.8231e+018,-7.7047e+020
0.672,4.8837e+018,-7.8454e+020
0.673,4.9476e+018,-7.9678e+020
0.674,5.0099e+018,-8.1133e+020
0.675,5.0732e+018,-8.2614e+020
0.676,5.1395e+018,-8.3901e+020
0.677,5.2046e+018,-8.5431e+020
0.678,5.2727e+018,-8.6762e+020
0.679,5.3396e+018,-8.8342e+020
0.68,5.4094e+018,-8.9717e+020
0.681,5.4781e+018,-9.135e+020
0.682,5.5497e+018,-9.2771e+020
0.683,5.6203e+018,-9.4458e+020
0.684,5.6938e+018,-9.5927e+020
0.685,5.7663e+018,-9.7669e+020
0.686,5.8416e+018,-9.9187e+020
0.687,5.9161e+018,-1.0099e+021
0.688,5.9934e+018,-1.0256e+021
0.689,6.0699e+018,-1.0442e+021
0.69,6.1491e+018,-1.0604e+021
0.691,6.2276e+018,-1.0796e+021
0.692,6.3088e+018,-1.0963e+021
0.693,6.3895e+018,-1.1162e+021
0.694,6.4727e+018,-1.1335e+021
0.695,6.5555e+018,-1.154e+021
0.696,6.6408e+018,-1.1719e+021
0.697,6.7258e+018,-1.1931e+021
0.698,6.8132e+018,-1.2116e+021
0.699,6.9004e+018,-1.2334e+021
0.7,6.99e+018,-1.2525e+021
0.701,7.0795e+018,-1.2751e+021
0.702,7.1714e+018,-1.2949e+021
0.703,7.2632e+018,-1.3182e+021
0.704,7.3573e+018,-1.3386e+021
0.705,7.4515e+018,-1.3627e+021
0.706,7.548e+018,-1.3838e+021
0.707,7.6445e+018,-1.4087e+021
0.708,7.7434e+018,-1.4304e+021
0.709,7.8425e+018,-1.4562e+021
0.71,7.9438e+018,-1.4787e+021
0.711,8.0454e+018,-1.5052e+021
0.712,8.1492e+018,-1.5285e+021
0.713,8.2533e+018,-1.5559e+021
0.714,8.3597e+018,-1.5799e+021
0.715,8.4665e+018,-1.6083e+021
0.716,8.5746e+018,-1.6371e+021
0.717,8.6849e+018,-1.6623e+021
0.718,8.7958e+018,-1.6921e+021
0.719,8.9088e+018,-1.7182e+021
0.72,9.0224e+018,-1.7491e+021
0.721,9.1382e+018,-1.776e+021
0.722,9.2545e+018,-1.8079e+021
0.723,9.3732e+018,-1.8358e+021
0.724,9.4924e+018,-1.8688e+021
0.725,9.6139e+018,-1.8977e+021
0.726,9.7361e+018,-1.932e+021
0.727,9.8605e+018,-1.9618e+021
0.728,9.9857e+018,-1.9973e+021
0.729,1.0113e+019,-2.0282e+021
0.73,1.0241e+019,-2.0649e+021
0.731,1.0372e+019,-2.0969e+021
0.732,1.0503e+019,-2.1349e+021
0.733,1.0637e+019,-2.168e+021
0.734,1.0772e+019,-2.2073e+021
0.735,1.0908e+019,-2.2414e+021
0.736,1.1046e+019,-2.2821e+021
0.737,1.1186e+019,-2.3174e+021
0.738,1.1328e+019,-2.3594e+021
0.739,1.1471e+019,-2.3959e+021
0.74,1.1616e+019,-2.4393e+021
0.741,1.1763e+019,-2.477e+021
0.742,1.1911e+019,-2.5218e+021
0.743,1.2061e+019,-2.5608e+021
0.744,1.2213e+019,-2.6071e+021
0.745,1.2367e+019,-2.6474e+021
0.746,1.2522e+019,-2.6952e+021
0.747,1.268e+019,-2.7368e+021
0.748,1.2839e+019,-2.7861e+021
0.749,1.3e+019,-2.8291e+021
0.75,1.3163e+019,-2.8799e+021
0.751,1.3328e+019,-2.9244e+021
0.752,1.3495e+019,-2.9768e+021
0.753,1.3664e+019,-3.0227e+021
0.754,1.3835e+019,-3.0768e+021
0.755,1.4008e+019,-3.1242e+021
0.756,1.4182e+019,-3.18e+021
0.757,1.4359e+019,-3.2289e+021
0.758,1.4538e+019,-3.2864e+021
0.759,1.4719e+019,-3.3451e+021
0.76,1.4902e+019,-3.3963e+021
0.761,1.5087e+019,-3.4567e+021
0.762,1.5275e+019,-3.5095e+021
0.763,1.5465e+019,-3.5719e+021
0.764,1.5656e+019,-3.6266e+021
0.765,1.585e+019,-3.6906e+021
0.766,1.6047e+019,-3.7471e+021
0.767,1.6245e+019,-3.813e+021
0.768,1.6446e+019,-3.8713e+021
0.769,1.6649e+019,-3.9393e+021
0.77,1.6855e+019,-3.9994e+021
0.771,1.7062e+019,-4.0694e+021
0.772,1.7272e+019,-4.1314e+021
0.773,1.7485e+019,-4.2036e+021
0.774,1.77e+019,-4.2676e+021
0.775,1.7917e+019,-4.3419e+021
0.776,1.8137e+019,-4.4079e+021
0.777,1.8359e+019,-4.4844e+021
0.778,1.8584e+019,-4.5525e+021
0.779,1.8812e+019,-4.6312e+021
0.78,1.9042e+019,-4.7015e+021
0.781,1.9274e+019,-4.7826e+021
0.782,1.951e+019,-4.855e+021
0.783,1.9748e+019,-4.9386e+021
0.784,1.9988e+019,-5.0133e+021
0.785,2.0231e+019,-5.0992e+021
0.786,2.0477e+019,-5.1763e+021
0.787,2.0726e+019,-5.2648e+021
0.788,2.0978e+019,-5.3442e+021
0.789,2.1232e+019,-5.4353e+021
0.79,2.1489e+019,-5.5172e+021
0.791,2.1749e+019,-5.611e+021
0.792,2.2012e+019,-5.6954e+021
0.793,2.2277e+019,-5.7919e+021
0.794,2.2546e+019,-5.879e+021
0.795,2.2818e+019,-5.9783e+021
0.796,2.3092e+019,-6.0681e+021
0.797,2.337e+019,-6.1703e+021
0.798,2.3651e+019,-6.2628e+021
0.799,2.3935e+019,-6.3679e+021
0.8,2.4222e+019,-6.4633e+021
0.801,2.4512e+019,-6.5715e+021
0.802,2.4805e+019,-6.6817e+021
0.803,2.5101e+019,-6.7811e+021
0.804,2.5401e+019,-6.8945e+021
0.805,2.5704e+019,-6.9974e+021
0.806,2.601e+019,-7.1136e+021
0.807,2.6319e+019,-7.2196e+021
0.808,2.6632e+019,-7.3392e+021
0.809,2.6948e+019,-7.4485e+021
0.81,2.7268e+019,-7.5715e+021
0.811,2.7591e+019,-7.6841e+021
0.812,2.7917e+019,-7.8106e+021
0.813,2.8247e+019,-7.9266e+021
0.814,2.858e+019,-8.0568e+021
0.815,2.8917e+019,-8.1763e+021
0.816,2.9258e+019,-8.3102e+021
0.817,2.9602e+019,-8.4334e+021
0.818,2.995e+019,-8.5711e+021
0.819,3.0302e+019,-8.698e+021
0.82,3.0657e+019,-8.8397e+021
0.821,3.1016e+019,-8.9703e+021
0.822,3.1378e+019,-9.1161e+021
0.823,3.1745e+019,-9.2507e+021
0.824,3.2115e+019,-9.4006e+021
0.825,3.249e+019,-9.5393e+021
0.826,3.2868e+019,-9.6935e+021
0.827,3.325e+019,-9.8363e+021
0.828,3.3636e+019,-9.9949e+021
0.829,3.4026e+019,-1.0142e+022
0.83,3.442e+019,-1.0305e+022
0.831,3.4818e+019,-1.0457e+022
0.832,3.522e+019,-1.0624e+022
0.833,3.5627e+019,-1.0781e+022
0.834,3.6037e+019,-1.0953e+022
0.835,3.6452e+019,-1.1114e+022
0.836,3.6871e+019,-1.1291e+022
0.837,3.7294e+019,-1.1457e+022
0.838,3.7721e+019,-1.1639e+022
0.839,3.8153e+019,-1.181e+022
0.84,3.8589e+019,-1.1998e+022
0.841,3.903e+019,-1.2173e+022
0.842,3.9475e+019,-1.2367e+022
0.843,3.9924e+019,-1.2563e+022
0.844,4.0378e+019,-1.2746e+022
0.845,4.0837e+019,-1.2948e+022
0.846,4.13e+019,-1.3137e+022
0.847,4.1767e+019,-1.3345e+022
0.848,4.224e+019,-1.3539e+022
0.849,4.2717e+019,-1.3753e+022
0.85,4.3198e+019,-1.3953e+022
0.851,4.3684e+019,-1.4173e+022
0.852,4.4176e+019,-1.4379e+022
0.853,4.4671e+019,-1.4605e+022
0.854,4.5172e+019,-1.4818e+022
0.855,4.5678e+019,-1.505e+022
0.856,4.6188e+019,-1.5269e+022
0.857,4.6704e+019,-1.5508e+022
0.858,4.7224e+019,-1.5734e+022
0.859,4.7749e+019,-1.5979e+022
0.86,4.828e+019,-1.6212e+022
0.861,4.8815e+019,-1.6465e+022
0.862,4.9356e+019,-1.6705e+022
0.863,4.9902e+019,-1.6965e+022
0.864,5.0453e+019,-1.7212e+022
0.865,5.1009e+019,-1.7479e+022
0.866,5.157e+019,-1.7734e+022
0.867,5.2136e+019,-1.8009e+022
0.868,5.2708e+019,-1.8272e+022
0.869,5.3285e+019,-1.8555e+022
0.87,5.3868e+019,-1.8825e+022
0.871,5.4456e+019,-1.9117e+022
0.872,5.5049e+019,-1.9396e+022
0.873,5.5648e+019,-1.9696e+022
0.874,5.6252e+019,-1.9983e+022
0.875,5.6862e+019,-2.0293e+022
0.876,5.7477e+019,-2.0589e+022
0.877,5.8098e+019,-2.0907e+022
0.878,5.8724e+019,-2.1213e+022
0.879,5.9356e+019,-2.154e+022
0.88,5.9994e+019,-2.1855e+022
0.881,6.0637e+019,-2.2193e+022
0.882,6.1287e+019,-2.2518e+022
0.883,6.1941e+019,-2.2866e+022
0.884,6.2602e+019,-2.3201e+022
0.885,6.3269e+019,-2.356e+022
0.886,6.3941e+019,-2.3926e+022
0.887,6.4619e+019,-2.4275e+022
0.888,6.5303e+019,-2.4652e+022
0.889,6.5993e+019,-2.5015e+022
0.89,6.6688e+019,-2.5402e+022
0.891,6.739e+019,-2.5777e+022
0.892,6.8098e+019,-2.6176e+022
0.893,6.8812e+019,-2.6563e+022
0.894,6.9531e+019,-2.6975e+022
0.895,7.0257e+019,-2.7375e+022
0.896,7.0989e+019,-2.78e+022
0.897,7.1727e+019,-2.8213e+022
0.898,7.2471e+019,-2.8652e+022
0.899,7.3221e+019,-2.9079e+022
0.9,7.3977e+019,-2.9533e+022
0.901,7.4739e+019,-2.9975e+022
0.902,7.5508e+019,-3.0444e+022
0.903,7.6283e+019,-3.0901e+022
0.904,7.7064e+019,-3.1386e+022
0.905,7.7851e+019,-3.1859e+022
0.906,7.8644e+019,-3.236e+022
0.907,7.9444e+019,-3.285e+022
0.908,8.025e+019,-3.3369e+022
0.909,8.1062e+019,-3.3877e+022
0.91,8.188e+019,-3.4415e+022
0.911,8.2705e+019,-3.4942e+022
0.912,8.3536e+019,-3.5499e+022
0.913,8.4374e+019,-3.6046e+022
0.914,8.5217e+019,-3.6624e+022
0.915,8.6067e+019,-3.7191e+022
0.916,8.6924e+019,-3.7791e+022
0.917,8.7786e+019,-3.8381e+022
0.918,8.8655e+019,-3.9004e+022
0.919,8.9531e+019,-3.9618e+022
0.92,9.0412e+019,-4.0266e+022
0.921,9.13e+019,-4.0905e+022
0.922,9.2194e+019,-4.158e+022
0.923,9.3095e+019,-4.2246e+022
0.924,9.4002e+019,-4.2948e+022
0.925,9.4915e+019,-4.3643e+022
0.926,9.5834e+019,-4.4376e+022
0.927,9.676e+019,-4.5127e+022
0.928,9.7692e+019,-4.5867e+022
0.929,9.863e+019,-4.6653e+022
0.93,9.9575e+019,-4.7427e+022
0.931,1.0053e+020,-4.8249e+022
0.932,1.0148e+020,-4.9064e+022
0.933,1.0245e+020,-4.9922e+022
0.934,1.0341e+020,-5.0778e+022
0.935,1.0439e+020,-5.1679e+022
0.936,1.0537e+020,-5.2579e+022
0.937,1.0636e+020,-5.3526e+022
0.938,1.0735e+020,-5.4474e+022
0.939,1.0835e+020,-5.5473e+022
0.94,1.0936e+020,-5.6474e+022
0.941,1.1037e+020,-5.7528e+022
0.942,1.1139e+020,-5.8587e+022
0.943,1.1241e+020,-5.9703e+022
0.944,1.1344e+020,-6.0826e+022
0.945,1.1448e+020,-6.2009e+022
0.946,1.1552e+020,-6.3204e+022
0.947,1.1656e+020,-6.4462e+022
0.948,1.1762e+020,-6.5736e+022
0.949,1.1867e+020,-6.7079e+022
0.95,1.1974e+020,-6.8441e+022
0.951,1.2081e+020,-6.9877e+022
0.952,1.2188e+020,-7.1339e+022
0.953,1.2296e+020,-7.2882e+022
0.954,1.2404e+020,-7.4455e+022
0.955,1.2513e+020,-7.6118e+022
0.956,1.2623e+020,-7.782e+022
0.957,1.2733e+020,-7.9619e+022
0.958,1.2844e+020,-8.1466e+022
0.959,1.2955e+020,-8.3423e+022
0.96,1.3066e+020,-8.5438e+022
0.961,1.3178e+020,-8.7576e+022
0.962,1.3291e+020,-8.9785e+022
0.963,1.3403e+020,-9.2134e+022
0.964,1.3517e+020,-9.4571e+022
0.965,1.3631e+020,-9.7167e+022
0.966,1.3745e+020,-9.9872e+022
0.967,1.386e+020,-1.0276e+023
0.968,1.3975e+020,-1.0578e+023
0.969,1.409e+020,-1.0902e+023
0.97,1.4206e+020,-1.1247e+023
0.971,1.4322e+020,-1.1609e+023
0.972,1.4439e+020,-1.2001e+023
0.973,1.4556e+020,-1.2416e+023
0.974,1.4673e+020,-1.2865e+023
0.975,1.479e+020,-1.3345e+023
0.976,1.4908e+020,-1.3866e+023
0.977,1.5027e+020,-1.4428e+023
0.978,1.5145e+020,-1.5043e+023
0.979,1.5264e+020,-1.571e+023
0.98,1.5383e+020,-1.6446e+023
0.981,1.5502e+020,-1.7253e+023
0.982,1.5621e+020,-1.8153e+023
0.983,1.5741e+020,-1.9151e+023
0.984,1.5861e+020,-2.0277e+023
0.985,1.5981e+020,-2.1545e+023
0.986,1.6101e+020,-2.2997e+023
0.987,1.6221e+020,-2.4664e+023
0.988,1.6342e+020,-2.6612e+023
0.989,1.6462e+020,-2.8904e+023
0.99,1.6583e+020,-3.1658e+023
0.991,1.6704e+020,-3.5013e+023
0.992,1.6824e+020,-3.921e+023
0.993,1.6945e+020,-4.4592e+023
0.994,1.7066e+020,-5.1775e+023
0.995,1.7187e+020,-6.181e+023
0.996,1.7307e+020,-7.6871e+023
0.997,1.7428e+020,-1.0194e+024
0.998,1.7548e+020,-1.521e+024
0.999,1.7669e+020,-3.0247e+024
1,1.7789e+020,Inf
1.001,1.7909e+020,2.99e+024
1.002,1.8029e+020,1.4862e+024
1.003,1.8149e+020,9.847e+023
1.004,1.8268e+020,7.3401e+023
1.005,1.8387e+020,5.8343e+023
1.006,1.8506e+020,4.8309e+023
1.007,1.8625e+020,4.1131e+023
1.008,1.8743e+020,3.5751e+023
1.009,1.8861e+020,3.1558e+023
1.01,1.8979e+020,2.8206e+023
1.011,1.9096e+020,2.5463e+023
1.012,1.9213e+020,2.3169e+023
1.013,1.9329e+020,2.1232e+023
1.014,1.9445e+020,1.9565e+023
1.015,1.956e+020,1.8124e+023
1.016,1.9674e+020,1.6858e+023
1.017,1.9788e+020,1.5743e+023
1.018,1.9902e+020,1.4748e+023
1.019,2.0015e+020,1.3859e+023
1.02,2.0127e+020,1.3056e+023
1.021,2.0238e+020,1.2331e+023
1.022,2.0348e+020,1.167e+023
1.023,2.0458e+020,1.1067e+023
1.024,2.0567e+020,1.0512e+023
1.025,2.0675e+020,1.0003e+023
1.026,2.0783e+020,9.5307e+022
1.027,2.0889e+020,9.0946e+022
1.028,2.0994e+020,8.6881e+022
1.029,2.1099e+020,8.3105e+022
1.03,2.1202e+020,7.9566e+022
1.031,2.1304e+020,7.6265e+022
1.032,2.1405e+020,7.3157e+022
1.033,2.1505e+020,7.0246e+022
1.034,2.1604e+020,6.7496e+022
1.035,2.1702e+020,6.491e+022
1.036,2.1798e+020,6.2458e+022
1.037,2.1894e+020,6.0147e+022
1.038,2.1987e+020,5.7949e+022
1.039,2.208e+020,5.587e+022
1.04,2.2171e+020,5.3888e+022
1.041,2.2261e+020,5.201e+022
1.042,2.2349e+020,5.0215e+022
1.043,2.2436e+020,4.8509e+022
1.044,2.2521e+020,4.6877e+022
1.045,2.2605e+020,4.5322e+022
1.046,2.2687e+020,4.3831e+022
1.047,2.2767e+020,4.2409e+022
1.048,2.2846e+020,4.1043e+022
1.049,2.2923e+020,3.9737e+022
1.05,2.2998e+020,3.8481e+022
1.051,2.3071e+020,3.7279e+022
1.052,2.3143e+020,3.6122e+022
1.053,2.3213e+020,3.5012e+022
1.054,2.3281e+020,3.3948e+022
1.055,2.3347e+020,3.2916e+022
1.056,2.3411e+020,3.193e+022
1.057,2.3473e+020,3.0975e+022
1.058,2.3533e+020,3.0058e+022
1.059,2.359e+020,2.917e+022
1.06,2.3646e+020,2.8317e+022
1.061,2.37e+020,2.7491e+022
1.062,2.3751e+020,2.6696e+022
1.063,2.38e+020,2.5926e+022
1.064,2.3847e+020,2.5184e+022
1.065,2.3892e+020,2.4465e+022
1.066,2.3934e+020,2.3772e+022
1.067,2.3975e+020,2.3099e+022
1.068,2.4012e+020,2.245e+022
1.069,2.4048e+020,2.182e+022
1.07,2.4081e+020,2.1212e+022
1.071,2.4111e+020,2.0622e+022
1.072,2.4139e+020,2.0052e+022
1.073,2.4164e+020,1.9498e+022
1.074,2.4187e+020,1.8962e+022
1.075,2.4208e+020,1.8442e+022
1.076,2.4226e+020,1.7938e+022
1.077,2.4241e+020,1.7449e+022
1.078,2.4254e+020,1.6976e+022
1.079,2.4264e+020,1.6515e+022
1.08,2.4271e+020,1.6069e+022
1.081,2.4276e+020,1.5636e+022
1.082,2.4278e+020,1.5216e+022
1.083,2.4277e+020,1.4807e+022
1.084,2.4273e+020,1.4411e+022
1.085,2.4267e+020,1.4026e+022
1.086,2.4258e+020,1.3652e+022
1.087,2.4247e+020,1.3289e+022
1.088,2.4232e+020,1.2936e+022
1.089,2.4215e+020,1.2593e+022
1.09,2.4195e+020,1.226e+022
1.091,2.4172e+020,1.1936e+022
1.092,2.4146e+020,1.1621e+022
1.093,2.4118e+020,1.1315e+022
1.094,2.4087e+020,1.1017e+022
1.095,2.4053e+020,1.0729e+022
1.096,2.4016e+020,1.0447e+022
1.097,2.3976e+020,1.0174e+022
1.098,2.3934e+020,9.9068e+021
1.099,2.3888e+020,9.6487e+021
1.1,2.384e+020,9.3966e+021
1.101,2.379e+020,9.1518e+021
1.102,2.3736e+020,8.9132e+021
1.103,2.368e+020,8.6814e+021
1.104,2.362e+020,8.4554e+021
1.105,2.3559e+020,8.2359e+021
1.106,2.3494e+020,8.022e+021
1.107,2.3427e+020,7.814e+021
1.108,2.3357e+020,7.6114e+021
1.109,2.3284e+020,7.4144e+021
1.11,2.3209e+020,7.2223e+021
1.111,2.3131e+020,7.0356e+021
1.112,2.305e+020,6.8537e+021
1.113,2.2967e+020,6.6767e+021
1.114,2.2881e+020,6.5043e+021
1.115,2.2793e+020,6.3365e+021
1.116,2.2702e+020,6.173e+021
1.117,2.2609e+020,6.0139e+021
1.118,2.2513e+020,5.8589e+021
1.119,2.2415e+020,5.7081e+021
1.12,2.2314e+020,5.5611e+021
1.121,2.2212e+020,5.418e+021
1.122,2.2106e+020,5.2786e+021
1.123,2.1999e+020,5.1429e+021
1.124,2.1889e+020,5.0107e+021
1.125,2.1777e+020,4.8819e+021
1.126,2.1663e+020,4.7565e+021
1.127,2.1547e+020,4.6343e+021
1.128,2.1429e+020,4.5153e+021
1.129,2.1308e+020,4.3994e+021
1.13,2.1186e+020,4.2865e+021
1.131,2.1062e+020,4.1765e+021
1.132,2.0936e+020,4.0694e+021
1.133,2.0808e+020,3.965e+021
1.134,2.0678e+020,3.8633e+021
1.135,2.0546e+020,3.7643e+021
1.136,2.0413e+020,3.6678e+021
1.137,2.0278e+020,3.5737e+021
1.138,2.0142e+020,3.4824e+021
1.139,2.0003e+020,3.3929e+021
1.14,1.9864e+020,3.3062e+021
1.141,1.9723e+020,3.2213e+021
1.142,1.958e+020,3.139e+021
1.143,1.9436e+020,3.0585e+021
1.144,1.9291e+020,2.9802e+021
1.145,1.9145e+020,2.9039e+021
1.146,1.8997e+020,2.8295e+021
1.147,1.8848e+020,2.757e+021
1.148,1.8698e+020,2.6864e+021
1.149,1.8547e+020,2.6176e+021
1.15,1.8395e+020,2.5506e+021
1.151,1.8242e+020,2.4853e+021
1.152,1.8089e+020,2.4216e+021
1.153,1.7934e+020,2.3596e+021
1.154,1.7778e+020,2.2992e+021
1.155,1.7622e+020,2.2403e+021
1.156,1.7465e+020,2.1829e+021
1.157,1.7308e+020,2.1271e+021
1.158,1.715e+020,2.0726e+021
1.159,1.6991e+020,2.0195e+021
1.16,1.6832e+020,1.9678e+021
1.161,1.6673e+020,1.9174e+021
1.162,1.6513e+020,1.8683e+021
1.163,1.6353e+020,1.8204e+021
1.164,1.6192e+020,1.7738e+021
1.165,1.6032e+020,1.7283e+021
1.166,1.5871e+020,1.684e+021
1.167,1.571e+020,1.6409e+021
1.168,1.5549e+020,1.5989e+021
1.169,1.5388e+020,1.5579e+021
1.17,1.5226e+020,1.518e+021
1.171,1.5066e+020,1.4791e+021
1.172,1.4905e+020,1.4411e+021
1.173,1.4744e+020,1.4042e+021
1.174,1.4583e+020,1.3682e+021
1.175,1.4423e+020,1.3332e+021
1.176,1.4263e+020,1.299e+021
1.177,1.4103e+020,1.2657e+021
1.178,1.3943e+020,1.2332e+021
1.179,1.3784e+020,1.2016e+021
1.18,1.3626e+020,1.1707e+021
1.181,1.3468e+020,1.1408e+021
1.182,1.331e+020,1.1114e+021
1.183,1.3153e+020,1.083e+021
1.184,1.2996e+020,1.0552e+021
1.185,1.284e+020,1.0281e+021
1.186,1.2685e+020,1.0018e+021
1.187,1.253e+020,9.7603e+020
1.188,1.2376e+020,9.5099e+020
1.189,1.2223e+020,9.2656e+020
1.19,1.2071e+020,9.0278e+020
1.191,1.1919e+020,8.7959e+020
1.192,1.1768e+020,8.5701e+020
1.193,1.1618e+020,8.3498e+020
1.194,1.1469e+020,8.1355e+020
1.195,1.1321e+020,7.9263e+020
1.196,1.1173e+020,7.7228e+020
1.197,1.1027e+020,7.5242e+020
1.198,1.0881e+020,7.3309e+020
1.199,1.0737e+020,7.1423e+020
1.2,1.0593e+020,6.9589e+020
1.201,1.0451e+020,6.7798e+020
1.202,1.031e+020,6.6056e+020
1.203,1.0169e+020,6.4356e+020
1.204,1.003e+020,6.2702e+020
1.205,9.8917e+019,6.1087e+020
1.206,9.7548e+019,5.9517e+020
1.207,9.6187e+019,5.7984e+020
1.208,9.484e+019,5.6493e+020
1.209,9.3502e+019,5.5037e+020
1.21,9.2179e+019,5.3622e+020
1.211,9.0864e+019,5.224e+020
1.212,8.9564e+019,5.0896e+020
1.213,8.8273e+019,4.9584e+020
1.214,8.6997e+019,4.8308e+020
1.215,8.5729e+019,4.7062e+020
1.216,8.4478e+019,4.5851e+020
1.217,8.3235e+019,4.4668e+020
1.218,8.2007e+019,4.3518e+020
1.219,8.0789e+019,4.2395e+020
1.22,7.9587e+019,4.1304e+020
1.221,7.8393e+019,4.0237e+020
1.222,7.7216e+019,3.9202e+020
1.223,7.6047e+019,3.8189e+020
1.224,7.4894e+019,3.7206e+020
1.225,7.3751e+019,3.6244e+020
1.226,7.2624e+019,3.5311e+020
1.227,7.1508e+019,3.44e+020
1.228,7.0403e+019,3.3512e+020
1.229,6.9313e+019,3.2647e+020
1.23,6.8232e+019,3.1804e+020
1.231,6.7167e+019,3.0983e+020
1.232,6.6112e+019,3.0182e+020
1.233,6.5072e+019,2.9404e+020
1.234,6.4041e+019,2.8643e+020
1.235,6.3027e+019,2.7904e+020
1.236,6.2021e+019,2.7182e+020
1.237,6.1031e+019,2.648e+020
1.238,6.005e+019,2.5795e+020
1.239,5.9084e+019,2.5129e+020
1.24,5.8127e+019,2.4479e+020
1.241,5.7186e+019,2.3846e+020
1.242,5.6254e+019,2.3229e+020
1.243,5.5337e+019,2.2629e+020
1.244,5.4429e+019,2.2042e+020
1.245,5.3536e+019,2.1473e+020
1.246,5.2651e+019,2.0916e+020
1.247,5.1782e+019,2.0376e+020
1.248,5.092e+019,1.9847e+020
1.249,5.0075e+019,1.9334e+020
1.25,4.9236e+019,1.8833e+020
1.251,4.8414e+019,1.8346e+020
1.252,4.7598e+019,1.787e+020
1.253,4.6798e+019,1.7407e+020
1.254,4.6005e+019,1.6956e+020
1.255,4.5228e+019,1.6517e+020
1.256,4.4457e+019,1.6088e+020
1.257,4.3701e+019,1.5672e+020
1.258,4.2952e+019,1.5265e+020
1.259,4.2218e+019,1.487e+020
1.26,4.149e+019,1.4483e+020
1.261,4.0777e+019,1.4108e+020
1.262,4.007e+019,1.3742e+020
1.263,3.9378e+019,1.3385e+020
1.264,3.8692e+019,1.3038e+020
1.265,3.802e+019,1.27e+020
1.266,3.7354e+019,1.2369e+020
1.267,3.6702e+019,1.2049e+020
1.268,3.606e+019,1.1736e+020
1.269,3.5423e+019,1.1431e+020
1.27,3.48e+019,1.1135e+020
1.271,3.4183e+019,1.0845e+020
1.272,3.3579e+019,1.0563e+020
1.273,3.2981e+019,1.0289e+020
1.274,3.2395e+019,1.0021e+020
1.275,3.1815e+019,9.7605e+019
1.276,3.1247e+019,9.507e+019
1.277,3.0685e+019,9.2594e+019
1.278,3.0135e+019,9.0188e+019
1.279,2.959e+019,8.7839e+019
1.28,2.9057e+019,8.5556e+019
1.281,2.8529e+019,8.3327e+019
1.282,2.8013e+019,8.116e+019
1.283,2.7501e+019,7.9045e+019
1.284,2.7002e+019,7.6989e+019
1.285,2.6506e+019,7.4981e+019
1.286,2.6023e+019,7.3031e+019
1.287,2.5543e+019,7.1125e+019
1.288,2.5075e+019,6.9274e+019
1.289,2.461e+019,6.7466e+019
1.29,2.4157e+019,6.571e+019
1.291,2.3708e+019,6.3994e+019
1.292,2.3269e+019,6.2328e+019
1.293,2.2834e+019,6.07e+019
1.294,2.241e+019,5.9119e+019
1.295,2.1989e+019,5.7574e+019
1.296,2.1579e+019,5.6074e+019
1.297,2.1172e+019,5.4608e+019
1.298,2.0775e+019,5.3185e+019
1.299,2.0381e+019,5.1794e+019
1.3,1.9997e+019,5.0443e+019
1.301,1.9616e+019,4.9123e+019
1.302,1.9246e+019,4.7842e+019
1.303,1.8877e+019,4.659e+019
1.304,1.8519e+019,4.5374e+019
1.305,1.8163e+019,4.4186e+019
1.306,1.7816e+019,4.3034e+019
1.307,1.7472e+019,4.1905e+019
1.308,1.7137e+019,4.0812e+019
1.309,1.6804e+019,3.9742e+019
1.31,1.6481e+019,3.8704e+019
1.311,1.6163e+019,3.7692e+019
1.312,1.5847e+019,3.6705e+019
1.313,1.554e+019,3.5745e+019
1.314,1.5235e+019,3.4807e+019
1.315,1.4938e+019,3.3897e+019
1.316,1.4643e+019,3.3007e+019
1.317,1.4357e+019,3.2144e+019
1.318,1.4072e+019,3.13e+019
1.319,1.3795e+019,3.0481e+019
1.32,1.3521e+019,2.968e+019
1.321,1.3254e+019,2.8903e+019
1.322,1.2989e+019,2.8143e+019
1.323,1.2731e+019,2.7406e+019
1.324,1.2475e+019,2.6686e+019
1.325,1.2226e+019,2.5986e+019
1.326,1.1979e+019,2.5303e+019
1.327,1.1739e+019,2.4639e+019
1.328,1.1501e+019,2.3991e+019
1.329,1.127e+019,2.3361e+019
1.33,1.104e+019,2.2746e+019
1.331,1.0817e+019,2.2149e+019
1.332,1.0595e+019,2.1566e+019
1.333,1.038e+019,2.1e+019
1.334,1.0166e+019,2.0446e+019
1.335,9.9586e+018,1.9909e+019
1.336,9.7527e+018,1.9384e+019
1.337,9.5526e+018,1.8875e+019
1.338,9.3542e+018,1.8377e+019
1.339,9.1615e+018,1.7894e+019
1.34,8.9703e+018,1.7421e+019
1.341,8.7846e+018,1.6963e+019
1.342,8.6004e+018,1.6515e+019
1.343,8.4215e+018,1.608e+019
1.344,8.2441e+018,1.5655e+019
1.345,8.0719e+018,1.5243e+019
1.346,7.901e+018,1.484e+019
1.347,7.7352e+018,1.4449e+019
1.348,7.5707e+018,1.4067e+019
1.349,7.4111e+018,1.3696e+019
1.35,7.2528e+018,1.3334e+019
1.351,7.0992e+018,1.2982e+019
1.352,6.9483e+018,1.2639e+019
1.353,6.7991e+018,1.2305e+019
1.354,6.6539e+018,1.198e+019
1.355,6.5104e+018,1.1663e+019
1.356,6.3708e+018,1.1354e+019
1.357,6.2328e+018,1.1053e+019
1.358,6.0985e+018,1.0761e+019
1.359,5.9658e+018,1.0476e+019
1.36,5.8367e+018,1.0199e+019
1.361,5.7092e+018,9.928e+018
1.362,5.5851e+018,9.6653e+018
1.363,5.4625e+018,9.4086e+018
1.364,5.3434e+018,9.1595e+018
1.365,5.2256e+018,8.9161e+018
1.366,5.1111e+018,8.6799e+018
1.367,4.9979e+018,8.449e+018
1.368,4.8879e+018,8.2251e+018
1.369,4.7793e+018,8.0062e+018
1.37,4.6737e+018,7.7939e+018
1.371,4.5693e+018,7.5864e+018
1.372,4.468e+018,7.3851e+018
1.373,4.3678e+018,7.1883e+018
1.374,4.2705e+018,6.9975e+018
1.375,4.1744e+018,6.8109e+018
1.376,4.081e+018,6.63e+018
1.377,3.9888e+018,6.4531e+018
1.378,3.8993e+018,6.2816e+018
1.379,3.8108e+018,6.1139e+018
1.38,3.7249e+018,5.9513e+018
1.381,3.64e+018,5.7923e+018
1.382,3.5577e+018,5.6381e+018
1.383,3.4763e+018,5.4874e+018
1.384,3.3974e+018,5.3413e+018
1.385,3.3194e+018,5.1984e+018
1.386,3.2437e+018,5.0599e+018
1.387,3.169e+018,4.9244e+018
1.388,3.0965e+018,4.7932e+018
1.389,3.0249e+018,4.6647e+018
1.39,2.9554e+018,4.5403e+018
1.391,2.8868e+018,4.4186e+018
1.392,2.8203e+018,4.3007e+018
1.393,2.7546e+018,4.1853e+018
1.394,2.6909e+018,4.0735e+018
1.395,2.6285e+018,3.9646e+018
1.396,2.567e+018,3.8582e+018
1.397,2.5072e+018,3.755e+018
1.398,2.4484e+018,3.6542e+018
1.399,2.3912e+018,3.5563e+018
1.4,2.3349e+018,3.4608e+018
1.401,2.2801e+018,3.3681e+018
1.402,2.2262e+018,3.2775e+018
1.403,2.1739e+018,3.1896e+018
1.404,2.1223e+018,3.1038e+018
1.405,2.0723e+018,3.0205e+018
1.406,2.023e+018,2.9392e+018
1.407,1.9751e+018,2.8603e+018
1.408,1.9279e+018,2.7832e+018
1.409,1.8822e+018,2.7085e+018
1.41,1.8371e+018,2.6354e+018
1.411,1.7933e+018,2.5646e+018
1.412,1.7502e+018,2.4953e+018
1.413,1.7084e+018,2.4282e+018
1.414,1.6672e+018,2.3626e+018
1.415,1.6273e+018,2.2991e+018
1.416,1.5879e+018,2.2369e+018
1.417,1.5498e+018,2.1767e+018
1.418,1.5122e+018,2.1178e+018
1.419,1.4757e+018,2.0607e+018
1.42,1.4398e+018,2.0049e+018
1.421,1.405e+018,1.9508e+018
1.422,1.3707e+018,1.898e+018
1.423,1.3375e+018,1.8467e+018
1.424,1.3047e+018,1.7967e+018
1.425,1.273e+018,1.7481e+018
1.426,1.2418e+018,1.7007e+018
1.427,1.2115e+018,1.6547e+018
1.428,1.1817e+018,1.6098e+018
1.429,1.1528e+018,1.5663e+018
1.43,1.1243e+018,1.5237e+018
1.431,1.0968e+018,1.4824e+018
1.432,1.0696e+018,1.4421e+018
1.433,1.0433e+018,1.4031e+018
1.434,1.0174e+018,1.3648e+018
1.435,9.9232e+017,1.3279e+018
1.436,9.678e+017,1.2918e+018
1.437,9.4371e+017,1.2566e+018
1.438,9.2032e+017,1.2225e+018
1.439,8.9735e+017,1.1892e+018
1.44,8.7506e+017,1.1569e+018
1.441,8.5315e+017,1.1253e+018
1.442,8.3191e+017,1.0947e+018
1.443,8.1103e+017,1.0648e+018
1.444,7.9078e+017,1.0358e+018
1.445,7.7088e+017,1.0075e+018
1.446,7.516e+017,9.8009e+017
1.447,7.3264e+017,9.5328e+017
1.448,7.1427e+017,9.2731e+017
1.449,6.9621e+017,9.0192e+017
1.45,6.7872e+017,8.7734e+017
1.451,6.6151e+017,8.533e+017
1.452,6.4486e+017,8.3003e+017
1.453,6.2847e+017,8.0727e+017
1.454,6.1261e+017,7.8524e+017
1.455,5.9701e+017,7.6369e+017
1.456,5.8192e+017,7.4283e+017
1.457,5.6706e+017,7.2243e+017
1.458,5.5269e+017,7.0269e+017
1.459,5.3855e+017,6.8338e+017
1.46,5.2487e+017,6.6469e+017
1.461,5.1141e+017,6.464e+017
1.462,4.984e+017,6.2871e+017
1.463,4.8559e+017,6.114e+017
1.464,4.732e+017,5.9466e+017
1.465,4.6101e+017,5.7827e+017
1.466,4.4922e+017,5.6242e+017
1.467,4.3762e+017,5.4691e+017
1.468,4.2641e+017,5.3191e+017
1.469,4.1537e+017,5.1722e+017
1.47,4.0471e+017,5.0302e+017
1.471,3.942e+017,4.8911e+017
1.472,3.8406e+017,4.7568e+017
1.473,3.7407e+017,4.6251e+017
1.474,3.6442e+017,4.4979e+017
1.475,3.5492e+017,4.3733e+017
1.476,3.4575e+017,4.253e+017
1.477,3.3671e+017,4.135e+017
1.478,3.2799e+017,4.0211e+017
1.479,3.1946e+017,3.9101e+017
1.48,3.111e+017,3.8016e+017
1.481,3.03e+017,3.6966e+017
1.482,2.9504e+017,3.5939e+017
1.483,2.8734e+017,3.4945e+017
1.484,2.7978e+017,3.3973e+017
1.485,2.7246e+017,3.3032e+017
1.486,2.6528e+017,3.2113e+017
1.487,2.5832e+017,3.1222e+017
1.488,2.5149e+017,3.0352e+017
1.489,2.4488e+017,2.951e+017
1.49,2.3839e+017,2.8686e+017
1.491,2.3211e+017,2.7889e+017
1.492,2.2594e+017,2.7109e+017
1.493,2.1998e+017,2.6355e+017
1.494,2.1412e+017,2.5618e+017
1.495,2.0845e+017,2.4904e+017
1.496,2.0289e+017,2.4206e+017
1.497,1.975e+017,2.3531e+017
1.498,1.9222e+017,2.2871e+017
1.499,1.8711e+017,2.2232e+017
1.5,1.8209e+017,2.1607e+017
1.501,1.7723e+017,2.1003e+017
1.502,1.7247e+017,2.0412e+017
1.503,1.6786e+017,1.9841e+017
1.504,1.6334e+017,1.9282e+017
1.505,1.5896e+017,1.8741e+017
1.506,1.5467e+017,1.8212e+017
1.507,1.5051e+017,1.7701e+017
1.508,1.4644e+017,1.7201e+017
1.509,1.425e+017,1.6717e+017
1.51,1.3863e+017,1.6244e+017
1.511,1.3489e+017,1.5787e+017
1.512,1.3122e+017,1.534e+017
1.513,1.2767e+017,1.4907e+017
1.514,1.2419e+017,1.4484e+017
1.515,1.2083e+017,1.4076e+017
1.516,1.1753e+017,1.3676e+017
1.517,1.1433e+017,1.3289e+017
1.518,1.112e+017,1.2911e+017
1.519,1.0817e+017,1.2545e+017
1.52,1.0522e+017,1.219e+017
1.521,1.0233e+017,1.1842e+017
1.522,9.9536e+016,1.1506e+017
1.523,9.6797e+016,1.1178e+017
1.524,9.4144e+016,1.086e+017
1.525,9.1548e+016,1.055e+017
1.526,8.9033e+016,1.0249e+017
1.527,8.6572e+016,9.9558e+016
1.528,8.4189e+016,9.6719e+016
1.529,8.1857e+016,9.3947e+016
1.53,7.9598e+016,9.1264e+016
1.531,7.7388e+016,8.8644e+016
1.532,7.5249e+016,8.6109e+016
1.533,7.3155e+016,8.3634e+016
1.534,7.1128e+016,8.1239e+016
1.535,6.9144e+016,7.89e+016
1.536,6.7225e+016,7.6637e+016
1.537,6.5346e+016,7.4428e+016
1.538,6.3528e+016,7.229e+016
1.539,6.1748e+016,7.0203e+016
1.54,6.0026e+016,6.8183e+016
1.541,5.8341e+016,6.6212e+016
1.542,5.6712e+016,6.4304e+016
1.543,5.5116e+016,6.2442e+016
1.544,5.3573e+016,6.0641e+016
1.545,5.2063e+016,5.8883e+016
1.546,5.0602e+016,5.7182e+016
1.547,4.9173e+016,5.5521e+016
1.548,4.7791e+016,5.3915e+016
1.549,4.6438e+016,5.2347e+016
1.55,4.513e+016,5.083e+016
1.551,4.385e+016,4.935e+016
1.552,4.2612e+016,4.7918e+016
1.553,4.1401e+016,4.652e+016
1.554,4.0231e+016,4.5169e+016
1.555,3.9085e+016,4.3849e+016
1.556,3.7978e+016,4.2574e+016
1.557,3.6894e+016,4.1328e+016
1.558,3.5847e+016,4.0124e+016
1.559,3.4822e+016,3.8949e+016
1.56,3.3831e+016,3.7812e+016
1.561,3.2862e+016,3.6703e+016
1.562,3.1926e+016,3.5631e+016
1.563,3.1014e+016,3.4588e+016
1.564,3.0124e+016,3.3572e+016
1.565,2.9262e+016,3.2589e+016
1.566,2.8421e+016,3.163e+016
1.567,2.7606e+016,3.0702e+016
1.568,2.6811e+016,2.9798e+016
1.569,2.6041e+016,2.8922e+016
1.57,2.529e+016,2.8069e+016
1.571,2.4563e+016,2.7243e+016
1.572,2.3852e+016,2.6438e+016
1.573,2.3165e+016,2.566e+016
1.574,2.2494e+016,2.4901e+016
1.575,2.1845e+016,2.4166e+016
1.576,2.1211e+016,2.345e+016
1.577,2.0598e+016,2.2758e+016
1.578,1.9999e+016,2.2082e+016
1.579,1.9419e+016,2.1429e+016
1.58,1.8854e+016,2.0793e+016
1.581,1.8307e+016,2.0177e+016
1.582,1.7773e+016,1.9577e+016
1.583,1.7256e+016,1.8996e+016
1.584,1.6752e+016,1.8431e+016
1.585,1.6264e+016,1.7883e+016
1.586,1.5788e+016,1.735e+016
1.587,1.5328e+016,1.6834e+016
1.588,1.4878e+016,1.6332e+016
1.589,1.4444e+016,1.5845e+016
1.59,1.402e+016,1.5372e+016
1.591,1.3609e+016,1.4913e+016
1.592,1.3209e+016,1.4467e+016
1.593,1.2822e+016,1.4035e+016
1.594,1.2444e+016,1.3614e+016
1.595,1.2079e+016,1.3208e+016
1.596,1.1722e+016,1.2811e+016
1.597,1.1378e+016,1.2428e+016
1.598,1.1041e+016,1.2054e+016
1.599,1.0716e+016,1.1693e+016
1.6,1.0399e+016,1.1341e+016
1.601,1.0092e+016,1.1001e+016
1.602,9.793e+015,1.067e+016
1.603,9.5038e+015,1.0349e+016
1.604,9.2215e+015,1.0037e+016
1.605,8.9487e+015,9.7354e+015
1.606,8.6836e+015,9.4423e+015
1.607,8.4253e+015,9.1572e+015
1.608,8.1753e+015,8.8812e+015
1.609,7.9318e+015,8.6126e+015
1.61,7.6961e+015,8.3527e+015
1.611,7.4665e+015,8.0998e+015
1.612,7.2444e+015,7.8551e+015
1.613,7.0279e+015,7.617e+015
1.614,6.8185e+015,7.3866e+015
1.615,6.6145e+015,7.1625e+015
1.616,6.4171e+015,6.9456e+015
1.617,6.2248e+015,6.7345e+015
1.618,6.0388e+015,6.5304e+015
1.619,5.8576e+015,6.3317e+015
1.62,5.6823e+015,6.1395e+015
1.621,5.5115e+015,5.9526e+015
1.622,5.3464e+015,5.7717e+015
1.623,5.1855e+015,5.5957e+015
1.624,5.0299e+015,5.4255e+015
1.625,4.8783e+015,5.2599e+015
1.626,4.7317e+015,5.0997e+015
1.627,4.5889e+015,4.9438e+015
1.628,4.4509e+015,4.7931e+015
1.629,4.3164e+015,4.6465e+015
1.63,4.1863e+015,4.5047e+015
1.631,4.0597e+015,4.3667e+015
1.632,3.9372e+015,4.2333e+015
1.633,3.8179e+015,4.1035e+015
1.634,3.7026e+015,3.978e+015
1.635,3.5903e+015,3.8559e+015
1.636,3.4817e+015,3.7378e+015
1.637,3.3759e+015,3.6229e+015
1.638,3.2737e+015,3.5119e+015
1.639,3.1741e+015,3.4039e+015
1.64,3.0779e+015,3.2994e+015
1.641,2.9842e+015,3.1978e+015
1.642,2.8936e+015,3.0996e+015
1.643,2.8053e+015,3.004e+015
1.644,2.7201e+015,2.9117e+015
1.645,2.637e+015,2.8218e+015
1.646,2.5568e+015,2.735e+015
1.647,2.4789e+015,2.6507e+015
1.648,2.4031e+015,2.5688e+015
1.649,2.3298e+015,2.4896e+015
1.65,2.2585e+015,2.4126e+015
1.651,2.1895e+015,2.3381e+015
1.652,2.1224e+015,2.2657e+015
1.653,2.0575e+015,2.1957e+015
1.654,1.9944e+015,2.1277e+015
1.655,1.9334e+015,2.0619e+015
1.656,1.874e+015,1.9979e+015
1.657,1.8166e+015,1.9361e+015
1.658,1.7607e+015,1.8759e+015
1.659,1.7067e+015,1.8178e+015
1.66,1.6541e+015,1.7613e+015
1.661,1.6033e+015,1.7067e+015
1.662,1.5539e+015,1.6536e+015
1.663,1.5061e+015,1.6022e+015
1.664,1.4597e+015,1.5523e+015
1.665,1.4147e+015,1.5041e+015
1.666,1.371e+015,1.4572e+015
1.667,1.3288e+015,1.4119e+015
1.668,1.2877e+015,1.3678e+015
1.669,1.248e+015,1.3252e+015
1.67,1.2093e+015,1.2838e+015
1.671,1.172e+015,1.2438e+015
1.672,1.1357e+015,1.2049e+015
1.673,1.1006e+015,1.1674e+015
1.674,1.0664e+015,1.1308e+015
1.675,1.0334e+015,1.0955e+015
1.676,1.0013e+015,1.0612e+015
1.677,9.703e+014,1.028e+015
1.678,9.4013e+014,9.9582e+014
1.679,9.1098e+014,9.6467e+014
1.68,8.8263e+014,9.344e+014
1.681,8.5523e+014,9.0515e+014
1.682,8.2858e+014,8.7672e+014
1.683,8.0284e+014,8.4925e+014
1.684,7.778e+014,8.2256e+014
1.685,7.5361e+014,7.9676e+014
1.686,7.3008e+014,7.717e+014
1.687,7.0735e+014,7.4748e+014
1.688,6.8525e+014,7.2394e+014
1.689,6.639e+014,7.012e+014
1.69,6.4318e+014,6.7915e+014
1.691,6.2307e+014,6.5775e+014
1.692,6.0361e+014,6.3705e+014
1.693,5.8471e+014,6.1696e+014
1.694,5.6644e+014,5.9753e+014
1.695,5.4869e+014,5.7867e+014
1.696,5.3152e+014,5.6043e+014
1.697,5.1485e+014,5.4272e+014
1.698,4.9873e+014,5.256e+014
1.699,4.8307e+014,5.0898e+014
1.7,4.6793e+014,4.9291e+014
1.701,4.5322e+014,4.7731e+014
1.702,4.3901e+014,4.6223e+014
1.703,4.252e+014,4.4759e+014
1.704,4.1185e+014,4.3344e+014
1.705,3.9888e+014,4.197e+014
1.706,3.8634e+014,4.0641e+014
1.707,3.7417e+014,3.9352e+014
1.708,3.624e+014,3.8106e+014
1.709,3.5097e+014,3.6896e+014
1.71,3.3992e+014,3.5726e+014
1.711,3.2919e+014,3.4591e+014
1.712,3.1882e+014,3.3494e+014
1.713,3.0874e+014,3.2429e+014
1.714,2.9901e+014,3.1399e+014
1.715,2.8955e+014,3.04e+014
1.716,2.8041e+014,2.9434e+014
1.717,2.7153e+014,2.8497e+014
1.718,2.6296e+014,2.7591e+014
1.719,2.5463e+014,2.6711e+014
1.72,2.4658e+014,2.5861e+014
1.721,2.3876e+014,2.5036e+014
1.722,2.312e+014,2.4239e+014
1.723,2.2386e+014,2.3466e+014
1.724,2.1678e+014,2.2718e+014
1.725,2.0989e+014,2.1992e+014
1.726,2.0324e+014,2.1291e+014
1.727,1.9678e+014,2.061e+014
1.728,1.9054e+014,1.9952e+014
1.729,1.8447e+014,1.9314e+014
1.73,1.7862e+014,1.8697e+014
1.731,1.7294e+014,1.81e+014
1.732,1.6744e+014,1.752e+014
1.733,1.6211e+014,1.696e+014
1.734,1.5695e+014,1.6417e+014
1.735,1.5195e+014,1.5891e+014
1.736,1.4711e+014,1.5382e+014
1.737,1.4242e+014,1.4889e+014
1.738,1.3788e+014,1.4411e+014
1.739,1.3348e+014,1.395e+014
1.74,1.2922e+014,1.3502e+014
1.741,1.251e+014,1.3069e+014
1.742,1.211e+014,1.2649e+014
1.743,1.1724e+014,1.2243e+014
1.744,1.1349e+014,1.1849e+014
1.745,1.0986e+014,1.1469e+014
1.746,1.0634e+014,1.11e+014
1.747,1.0295e+014,1.0743e+014
1.748,9.9647e+013,1.0397e+014
1.749,9.646e+013,1.0063e+014
1.75,9.3367e+013,9.7387e+013
1.751,9.0378e+013,9.4254e+013
1.752,8.7479e+013,9.1215e+013
1.753,8.4676e+013,8.8278e+013
1.754,8.1957e+013,8.543e+013
1.755,7.933e+013,8.2678e+013
1.756,7.6781e+013,8.0009e+013
1.757,7.4318e+013,7.743e+013
1.758,7.1929e+013,7.4928e+013
1.759,6.962e+013,7.2511e+013
1.76,6.7379e+013,7.0167e+013
1.761,6.5215e+013,6.7902e+013
1.762,6.3115e+013,6.5706e+013
1.763,6.1086e+013,6.3584e+013
1.764,5.9118e+013,6.1526e+013
1.765,5.7216e+013,5.9537e+013
1.766,5.5371e+013,5.7609e+013
1.767,5.3589e+013,5.5746e+013
1.768,5.186e+013,5.3939e+013
1.769,5.0189e+013,5.2194e+013
1.77,4.8569e+013,5.0501e+013
1.771,4.7003e+013,4.8866e+013
1.772,4.5484e+013,4.728e+013
1.773,4.4018e+013,4.5749e+013
1.774,4.2597e+013,4.4266e+013
1.775,4.122e+013,4.2829e+013
1.776,3.9888e+013,4.1439e+013
1.777,3.8598e+013,4.0093e+013
1.778,3.7351e+013,3.8792e+013
1.779,3.6141e+013,3.7531e+013
1.78,3.4973e+013,3.6312e+013
1.781,3.384e+013,3.5131e+013
1.782,3.2745e+013,3.3989e+013
1.783,3.1683e+013,3.2883e+013
1.784,3.0657e+013,3.1814e+013
1.785,2.9663e+013,3.0778e+013
1.786,2.8702e+013,2.9777e+013
1.787,2.777e+013,2.8806e+013
1.788,2.687e+013,2.7869e+013
1.789,2.5997e+013,2.696e+013
1.79,2.5154e+013,2.6082e+013
1.791,2.4336e+013,2.5231e+013
1.792,2.3547e+013,2.4409e+013
1.793,2.2781e+013,2.3612e+013
1.794,2.2041e+013,2.2842e+013
1.795,2.1324e+013,2.2096e+013
1.796,2.0631e+013,2.1376e+013
1.797,1.9959e+013,2.0677e+013
1.798,1.931e+013,2.0002e+013
1.799,1.8681e+013,1.9348e+013
1.8,1.8073e+013,1.8716e+013
1.801,1.7484e+013,1.8104e+013
1.802,1.6915e+013,1.7512e+013
1.803,1.6363e+013,1.6939e+013
1.804,1.583e+013,1.6385e+013
1.805,1.5313e+013,1.5849e+013
1.806,1.4814e+013,1.533e+013
1.807,1.4331e+013,1.4828e+013
1.808,1.3863e+013,1.4343e+013
1.809,1.341e+013,1.3872e+013
1.81,1.2973e+013,1.3418e+013
1.811,1.2549e+013,1.2978e+013
1.812,1.2139e+013,1.2553e+013
1.813,1.1742e+013,1.2141e+013
1.814,1.1358e+013,1.1743e+013
1.815,1.0987e+013,1.1358e+013
1.816,1.0628e+013,1.0985e+013
1.817,1.028e+013,1.0624e+013
1.818,9.9433e+012,1.0275e+013
1.819,9.618e+012,9.9379e+012
1.82,9.3028e+012,9.6112e+012
1.821,8.9983e+012,9.2956e+012
1.822,8.7033e+012,8.9898e+012
1.823,8.4182e+012,8.6944e+012
1.824,8.142e+012,8.4083e+012
1.825,7.8752e+012,8.1319e+012
1.826,7.6167e+012,7.8641e+012
1.827,7.367e+012,7.6054e+012
1.828,7.1251e+012,7.3549e+012
1.829,6.8913e+012,7.1129e+012
1.83,6.6649e+012,6.8784e+012
1.831,6.4462e+012,6.652e+012
1.832,6.2342e+012,6.4326e+012
1.833,6.0295e+012,6.2207e+012
1.834,5.8312e+012,6.0155e+012
1.835,5.6396e+012,5.8173e+012
1.836,5.454e+012,5.6252e+012
1.837,5.2747e+012,5.4398e+012
1.838,5.101e+012,5.2601e+012
1.839,4.9333e+012,5.0866e+012
1.84,4.7707e+012,4.9186e+012
1.841,4.6138e+012,4.7562e+012
1.842,4.4617e+012,4.599e+012
1.843,4.3148e+012,4.4472e+012
1.844,4.1725e+012,4.3001e+012
1.845,4.0351e+012,4.1581e+012
1.846,3.9019e+012,4.0205e+012
1.847,3.7734e+012,3.8876e+012
1.848,3.6488e+012,3.7589e+012
1.849,3.5285e+012,3.6346e+012
1.85,3.412e+012,3.5143e+012
1.851,3.2994e+012,3.398e+012
1.852,3.1904e+012,3.2854e+012
1.853,3.0851e+012,3.1767e+012
1.854,2.9831e+012,3.0714e+012
1.855,2.8846e+012,2.9697e+012
1.856,2.7892e+012,2.8712e+012
1.857,2.6971e+012,2.7761e+012
1.858,2.6079e+012,2.6841e+012
1.859,2.5216e+012,2.5951e+012
1.86,2.4383e+012,2.5091e+012
1.861,2.3575e+012,2.4258e+012
1.862,2.2796e+012,2.3453e+012
1.863,2.2041e+012,2.2674e+012
1.864,2.1311e+012,2.1922e+012
1.865,2.0605e+012,2.1194e+012
1.866,1.9923e+012,2.049e+012
1.867,1.9262e+012,1.9809e+012
1.868,1.8624e+012,1.9151e+012
1.869,1.8006e+012,1.8515e+012
1.87,1.741e+012,1.7899e+012
1.871,1.6832e+012,1.7304e+012
1.872,1.6274e+012,1.6729e+012
1.873,1.5734e+012,1.6172e+012
1.874,1.5212e+012,1.5634e+012
1.875,1.4706e+012,1.5114e+012
1.876,1.4219e+012,1.4611e+012
1.877,1.3746e+012,1.4124e+012
1.878,1.329e+012,1.3654e+012
1.879,1.2848e+012,1.3199e+012
1.88,1.2421e+012,1.276e+012
1.881,1.2008e+012,1.2335e+012
1.882,1.1609e+012,1.1924e+012
1.883,1.1223e+012,1.1526e+012
1.884,1.085e+012,1.1142e+012
1.885,1.0489e+012,1.077e+012
1.886,1.014e+012,1.0411e+012
1.887,9.8021e+011,1.0064e+012
1.888,9.476e+011,9.7282e+011
1.889,9.1603e+011,9.4034e+011
1.89,8.8554e+011,9.0897e+011
1.891,8.5602e+011,8.786e+011
1.892,8.2752e+011,8.4929e+011
1.893,7.9993e+011,8.209e+011
1.894,7.7328e+011,7.935e+011
1.895,7.4748e+011,7.6697e+011
1.896,7.2258e+011,7.4135e+011
1.897,6.9846e+011,7.1656e+011
1.898,6.7518e+011,6.9262e+011
1.899,6.5266e+011,6.6947e+011
1.9,6.3087e+011,6.4707e+011
1.901,6.0982e+011,6.2543e+011
1.902,5.8945e+011,6.045e+011
1.903,5.6978e+011,5.8428e+011
1.904,5.5074e+011,5.6472e+011
1.905,5.3235e+011,5.4582e+011
1.906,5.1455e+011,5.2754e+011
1.907,4.9736e+011,5.0988e+011
1.908,4.8073e+011,4.9279e+011
1.909,4.6467e+011,4.7629e+011
1.91,4.4912e+011,4.6032e+011
1.911,4.3411e+011,4.449e+011
1.912,4.1958e+011,4.2998e+011
1.913,4.0555e+011,4.1557e+011
1.914,3.9197e+011,4.0163e+011
1.915,3.7885e+011,3.8817e+011
1.916,3.6616e+011,3.7514e+011
1.917,3.5391e+011,3.6256e+011
1.918,3.4205e+011,3.5039e+011
1.919,3.306e+011,3.3863e+011
1.92,3.1951e+011,3.2726e+011
1.921,3.0881e+011,3.1628e+011
1.922,2.9846e+011,3.0565e+011
1.923,2.8846e+011,2.9539e+011
1.924,2.7878e+011,2.8546e+011
1.925,2.6944e+011,2.7587e+011
1.926,2.6039e+011,2.666e+011
1.927,2.5166e+011,2.5764e+011
1.928,2.4321e+011,2.4897e+011
1.929,2.3505e+011,2.4061e+011
1.93,2.2716e+011,2.3251e+011
1.931,2.1954e+011,2.2469e+011
1.932,2.1216e+011,2.1713e+011
1.933,2.0504e+011,2.0983e+011
1.934,1.9815e+011,2.0276e+011
1.935,1.9149e+011,1.9594e+011
1.936,1.8505e+011,1.8934e+011
1.937,1.7884e+011,1.8297e+011
1.938,1.7282e+011,1.7681e+011
1.939,1.6702e+011,1.7085e+011
1.94,1.614e+011,1.6509e+011
1.941,1.5597e+011,1.5954e+011
1.942,1.5073e+011,1.5416e+011
1.943,1.4565e+011,1.4896e+011
1.944,1.4075e+011,1.4394e+011
1.945,1.3601e+011,1.3909e+011
1.946,1.3144e+011,1.344e+011
1.947,1.2701e+011,1.2986e+011
1.948,1.2273e+011,1.2549e+011
1.949,1.186e+011,1.2125e+011
1.95,1.146e+011,1.1716e+011
1.951,1.1074e+011,1.132e+011
1.952,1.0701e+011,1.0938e+011
1.953,1.034e+011,1.0569e+011
1.954,9.9918e+010,1.0212e+011
1.955,9.6548e+010,9.8672e+010
1.956,9.3294e+010,9.534e+010
1.957,9.0145e+010,9.2118e+010
1.958,8.7106e+010,8.9007e+010
1.959,8.4165e+010,8.5997e+010
1.96,8.1327e+010,8.3092e+010
1.961,7.858e+010,8.0282e+010
1.962,7.5929e+010,7.7569e+010
1.963,7.3364e+010,7.4944e+010
1.964,7.0888e+010,7.2411e+010
1.965,6.8493e+010,6.996e+010
1.966,6.618e+010,6.7594e+010
1.967,6.3943e+010,6.5306e+010
1.968,6.1784e+010,6.3097e+010
1.969,5.9694e+010,6.096e+010
1.97,5.7678e+010,5.8897e+010
1.971,5.5727e+010,5.6902e+010
1.972,5.3844e+010,5.4976e+010
1.973,5.2022e+010,5.3113e+010
1.974,5.0263e+010,5.1315e+010
1.975,4.8562e+010,4.9575e+010
1.976,4.692e+010,4.7896e+010
1.977,4.5331e+010,4.6272e+010
1.978,4.3798e+010,4.4705e+010
1.979,4.2314e+010,4.3188e+010
1.98,4.0883e+010,4.1725e+010
1.981,3.9497e+010,4.0309e+010
1.982,3.8161e+010,3.8943e+010
1.983,3.6867e+010,3.7621e+010
1.984,3.5619e+010,3.6345e+010
1.985,3.4413e+010,3.5112e+010
1.986,3.3246e+010,3.392e+010
1.987,3.212e+010,3.2769e+010
1.988,3.103e+010,3.1657e+010
1.989,2.9979e+010,3.0582e+010
1.99,2.8962e+010,2.9543e+010
1.991,2.798e+010,2.854e+010
1.992,2.7031e+010,2.7571e+010
1.993,2.6114e+010,2.6634e+010
1.994,2.5228e+010,2.5729e+010
1.995,2.4372e+010,2.4855e+010
1.996,2.3544e+010,2.401e+010
1.997,2.2745e+010,2.3194e+010
1.998,2.1973e+010,2.2405e+010
1.999,2.1227e+010,2.1644e+010
2,2.0506e+010,2.0908e+010
