0,0,-0
0.001,2.218e-013,-4.2417e-015
0.002,9.3176e-013,-1.9657e-014
0.003,2.1984e-012,-8.8685e-014
0.004,4.1046e-012,-1.7379e-013
0.005,6.725e-012,-4.1499e-013
0.006,1.0171e-011,-6.4822e-013
0.007,1.4516e-011,-1.2081e-012
0.008,1.9912e-011,-1.6981e-012
0.009,2.6426e-011,-2.7719e-012
0.01,3.4263e-011,-3.6654e-012
0.011,4.3473e-011,-5.5087e-012
0.012,5.4335e-011,-6.9999e-012
0.013,6.6866e-011,-9.9424e-012
0.014,8.1444e-011,-1.2284e-011
0.015,9.8035e-011,-1.6747e-011
0.016,1.1715e-010,-2.0265e-011
0.017,1.3867e-010,-2.6779e-011
0.018,1.6327e-010,-3.1889e-011
0.019,1.9075e-010,-4.1118e-011
0.02,2.2197e-010,-4.8343e-011
0.021,2.566e-010,-6.1115e-011
0.022,2.9577e-010,-7.1111e-011
0.023,3.3896e-010,-8.8447e-011
0.024,3.8761e-010,-1.0203e-010
0.025,4.4099e-010,-1.2519e-010
0.026,5.0094e-010,-1.4336e-010
0.027,5.6642e-010,-1.7387e-010
0.028,6.3975e-010,-1.9788e-010
0.029,7.1956e-010,-2.3762e-010
0.03,8.0871e-010,-2.6898e-010
0.031,9.0541e-010,-3.202e-010
0.032,1.0132e-009,-3.6077e-010
0.033,1.1298e-009,-4.2622e-010
0.034,1.2595e-009,-4.7824e-010
0.035,1.3994e-009,-5.612e-010
0.036,1.5549e-009,-6.2738e-010
0.037,1.7221e-009,-7.3182e-010
0.038,1.9077e-009,-8.1545e-010
0.039,2.1068e-009,-9.4609e-010
0.04,2.3275e-009,-1.0511e-009
0.041,2.5638e-009,-1.2136e-009
0.042,2.8255e-009,-1.3447e-009
0.043,3.1052e-009,-1.5458e-009
0.044,3.4088e-009,-1.772e-009
0.045,3.7445e-009,-1.9564e-009
0.046,4.1023e-009,-2.2342e-009
0.047,4.4977e-009,-2.4615e-009
0.048,4.9183e-009,-2.8014e-009
0.049,5.3827e-009,-3.0804e-009
0.05,5.876e-009,-3.4947e-009
0.051,6.4203e-009,-3.8359e-009
0.052,6.9977e-009,-4.339e-009
0.053,7.6344e-009,-4.7549e-009
0.054,8.3088e-009,-5.364e-009
0.055,9.052e-009,-5.8692e-009
0.056,9.8383e-009,-6.6044e-009
0.057,1.0705e-008,-7.2162e-009
0.058,1.162e-008,-8.1011e-009
0.059,1.2627e-008,-8.8398e-009
0.06,1.3691e-008,-9.9022e-009
0.061,1.4861e-008,-1.0792e-008
0.062,1.6095e-008,-1.2064e-008
0.063,1.7453e-008,-1.3133e-008
0.064,1.8882e-008,-1.4653e-008
0.065,2.0454e-008,-1.5934e-008
0.066,2.2108e-008,-1.7746e-008
0.067,2.3926e-008,-1.9277e-008
0.068,2.5837e-008,-2.1434e-008
0.069,2.7938e-008,-2.3261e-008
0.07,3.0143e-008,-2.5822e-008
0.071,3.2566e-008,-2.7998e-008
0.072,3.5108e-008,-3.1033e-008
0.073,3.7901e-008,-3.3619e-008
0.074,4.0828e-008,-3.721e-008
0.075,4.4043e-008,-4.0279e-008
0.076,4.741e-008,-4.4521e-008
0.077,5.1108e-008,-4.8156e-008
0.078,5.4976e-008,-5.3159e-008
0.079,5.9224e-008,-5.7457e-008
0.08,6.3665e-008,-6.3349e-008
0.081,6.8541e-008,-6.8424e-008
0.082,7.3634e-008,-7.5353e-008
0.083,7.9225e-008,-8.1335e-008
0.084,8.5061e-008,-8.9472e-008
0.085,9.13e-008,-9.8351e-008
0.086,9.8149e-008,-1.0606e-007
0.087,1.0529e-007,-1.1646e-007
0.088,1.1313e-007,-1.2552e-007
0.089,1.2129e-007,-1.377e-007
0.09,1.3025e-007,-1.4832e-007
0.091,1.3959e-007,-1.6256e-007
0.092,1.4982e-007,-1.7501e-007
0.093,1.6048e-007,-1.9164e-007
0.094,1.7217e-007,-2.0621e-007
0.095,1.8433e-007,-2.2561e-007
0.096,1.9767e-007,-2.4264e-007
0.097,2.1153e-007,-2.6525e-007
0.098,2.2674e-007,-2.8514e-007
0.099,2.4253e-007,-3.1147e-007
0.1,2.5986e-007,-3.3467e-007
0.101,2.7785e-007,-3.6529e-007
0.102,2.9759e-007,-3.9233e-007
0.103,3.1806e-007,-4.2792e-007
0.104,3.4052e-007,-4.594e-007
0.105,3.638e-007,-5.0072e-007
0.106,3.8935e-007,-5.3734e-007
0.107,4.1582e-007,-5.8527e-007
0.108,4.4486e-007,-6.2783e-007
0.109,4.7494e-007,-6.8339e-007
0.11,5.0793e-007,-7.3281e-007
0.111,5.4208e-007,-7.9716e-007
0.112,5.7955e-007,-8.545e-007
0.113,6.1831e-007,-9.2897e-007
0.114,6.6083e-007,-9.9544e-007
0.115,7.048e-007,-1.0816e-006
0.116,7.5304e-007,-1.1585e-006
0.117,8.0289e-007,-1.2581e-006
0.118,8.5759e-007,-1.3472e-006
0.119,9.1409e-007,-1.4621e-006
0.12,9.7608e-007,-1.5652e-006
0.121,1.0401e-006,-1.6978e-006
0.122,1.1103e-006,-1.8169e-006
0.123,1.1828e-006,-1.9698e-006
0.124,1.2623e-006,-2.1074e-006
0.125,1.3443e-006,-2.2837e-006
0.126,1.4343e-006,-2.4425e-006
0.127,1.5271e-006,-2.6455e-006
0.128,1.6256e-006,-2.8643e-006
0.129,1.7338e-006,-3.0623e-006
0.13,1.8453e-006,-3.3141e-006
0.131,1.9676e-006,-3.5421e-006
0.132,2.0935e-006,-3.8318e-006
0.133,2.2318e-006,-4.0943e-006
0.134,2.374e-006,-4.4272e-006
0.135,2.5302e-006,-4.7294e-006
0.136,2.6909e-006,-5.1118e-006
0.137,2.8673e-006,-5.4593e-006
0.138,3.0487e-006,-5.8983e-006
0.139,3.2478e-006,-6.2978e-006
0.14,3.4525e-006,-6.8015e-006
0.141,3.6773e-006,-7.2604e-006
0.142,3.9082e-006,-7.8382e-006
0.143,4.1617e-006,-8.3651e-006
0.144,4.4222e-006,-9.0274e-006
0.145,4.7081e-006,-9.6321e-006
0.146,5.0017e-006,-1.0391e-005
0.147,5.3241e-006,-1.1085e-005
0.148,5.6549e-006,-1.1953e-005
0.149,6.0183e-006,-1.2749e-005
0.15,6.391e-006,-1.3743e-005
0.151,6.8004e-006,-1.4655e-005
0.152,7.2202e-006,-1.5793e-005
0.153,7.6814e-006,-1.6836e-005
0.154,8.154e-006,-1.8138e-005
0.155,8.6733e-006,-1.9333e-005
0.156,9.2053e-006,-2.082e-005
0.157,9.7899e-006,-2.2188e-005
0.158,1.0389e-005,-2.3888e-005
0.159,1.1046e-005,-2.5452e-005
0.16,1.172e-005,-2.7393e-005
0.161,1.246e-005,-2.9181e-005
0.162,1.3217e-005,-3.1398e-005
0.163,1.405e-005,-3.3442e-005
0.164,1.4901e-005,-3.5971e-005
0.165,1.5837e-005,-3.8306e-005
0.166,1.6794e-005,-4.1192e-005
0.167,1.7847e-005,-4.3858e-005
0.168,1.8922e-005,-4.7149e-005
0.169,2.0061e-005,-5.0675e-005
0.17,2.1313e-005,-5.3943e-005
0.171,2.2592e-005,-5.7962e-005
0.172,2.3999e-005,-6.169e-005
0.173,2.5435e-005,-6.6269e-005
0.174,2.7015e-005,-7.0518e-005
0.175,2.8628e-005,-7.5735e-005
0.176,3.0402e-005,-8.0578e-005
0.177,3.2212e-005,-8.6519e-005
0.178,3.4204e-005,-9.2037e-005
0.179,3.6235e-005,-9.8798e-005
0.18,3.847e-005,-0.00010508
0.181,4.0749e-005,-0.00011278
0.182,4.3257e-005,-0.00011993
0.183,4.5813e-005,-0.00012868
0.184,4.8627e-005,-0.00013683
0.185,5.1493e-005,-0.00014678
0.186,5.4649e-005,-0.00015605
0.187,5.7863e-005,-0.00016736
0.188,6.1401e-005,-0.00017791
0.189,6.5003e-005,-0.00019076
0.19,6.8971e-005,-0.00020275
0.191,7.3008e-005,-0.00021735
0.192,7.7454e-005,-0.00023099
0.193,8.1977e-005,-0.00024757
0.194,8.696e-005,-0.00026307
0.195,9.2027e-005,-0.0002819
0.196,9.761e-005,-0.00029951
0.197,0.00010328,-0.00032088
0.198,0.00010954,-0.00034088
0.199,0.00011589,-0.00036513
0.2,0.0001229,-0.00038785
0.201,0.00013001,-0.00041536
0.202,0.00013785,-0.00044115
0.203,0.00014581,-0.00047236
0.204,0.00015459,-0.00050163
0.205,0.0001635,-0.00053702
0.206,0.00017333,-0.00057023
0.207,0.0001833,-0.00061035
0.208,0.0001943,-0.00064802
0.209,0.00020545,-0.00069349
0.21,0.00021775,-0.00073622
0.211,0.00023022,-0.00078774
0.212,0.00024339,-0.00084273
0.213,0.00025793,-0.00089456
0.214,0.00027266,-0.00095684
0.215,0.00028892,-0.0010155
0.216,0.00030538,-0.0010861
0.217,0.00032357,-0.0011526
0.218,0.00034197,-0.0012326
0.219,0.00036229,-0.0013079
0.22,0.00038286,-0.0013984
0.221,0.00040558,-0.0014837
0.222,0.00042856,-0.0015861
0.223,0.00045395,-0.0016828
0.224,0.00047962,-0.0017986
0.225,0.00050799,-0.001908
0.226,0.00053666,-0.0020391
0.227,0.00056836,-0.002163
0.228,0.00060037,-0.0023112
0.229,0.00063578,-0.0024514
0.23,0.00067153,-0.002619
0.231,0.00071108,-0.0027776
0.232,0.00075099,-0.0029671
0.233,0.00079514,-0.0031466
0.234,0.00083969,-0.0033608
0.235,0.00088899,-0.0035638
0.236,0.00093871,-0.0038059
0.237,0.00099374,-0.0040354
0.238,0.0010492,-0.004309
0.239,0.0011106,-0.0045685
0.24,0.0011725,-0.0048776
0.241,0.0012411,-0.005171
0.242,0.0013101,-0.0055202
0.243,0.0013866,-0.0058518
0.244,0.0014636,-0.0062461
0.245,0.0015489,-0.0066208
0.246,0.0016348,-0.0070662
0.247,0.00173,-0.0074895
0.248,0.0018257,-0.0079924
0.249,0.0019319,-0.0084706
0.25,0.0020386,-0.0090382
0.251,0.002157,-0.0095784
0.252,0.0022759,-0.010219
0.253,0.0024013,-0.010901
0.254,0.0025405,-0.011552
0.255,0.0026802,-0.012322
0.256,0.0028353,-0.013057
0.257,0.0029911,-0.013925
0.258,0.0031639,-0.014754
0.259,0.0033374,-0.015735
0.26,0.0035301,-0.01667
0.261,0.0037233,-0.017776
0.262,0.0039379,-0.018831
0.263,0.0041531,-0.020078
0.264,0.0043923,-0.02127
0.265,0.0046319,-0.022676
0.266,0.0048983,-0.024019
0.267,0.0051651,-0.025605
0.268,0.0054618,-0.02712
0.269,0.0057588,-0.028908
0.27,0.0060892,-0.030617
0.271,0.0064198,-0.032631
0.272,0.0067877,-0.034559
0.273,0.0071556,-0.036829
0.274,0.0075652,-0.039003
0.275,0.0079746,-0.041561
0.276,0.0084305,-0.044011
0.277,0.0088861,-0.046893
0.278,0.0093935,-0.049655
0.279,0.0099002,-0.052902
0.28,0.010465,-0.056015
0.281,0.011029,-0.059672
0.282,0.011657,-0.06318
0.283,0.012284,-0.067299
0.284,0.012983,-0.071251
0.285,0.01368,-0.07589
0.286,0.014458,-0.080343
0.287,0.015233,-0.085567
0.288,0.016098,-0.090582
0.289,0.016959,-0.096463
0.29,0.017921,-0.10211
0.291,0.018879,-0.10873
0.292,0.019949,-0.1151
0.293,0.021013,-0.12255
0.294,0.022202,-0.12971
0.295,0.023385,-0.1381
0.296,0.02463,-0.14701
0.297,0.026021,-0.1556
0.298,0.027404,-0.16564
0.299,0.028951,-0.1753
0.3,0.030487,-0.18659
0.301,0.032206,-0.19747
0.302,0.033912,-0.21018
0.303,0.035822,-0.22242
0.304,0.037717,-0.23671
0.305,0.039839,-0.25049
0.306,0.041943,-0.26656
0.307,0.044301,-0.28206
0.308,0.046637,-0.30014
0.309,0.049255,-0.31758
0.31,0.051849,-0.33791
0.311,0.054757,-0.35753
0.312,0.057635,-0.3804
0.313,0.060864,-0.40247
0.314,0.064059,-0.42817
0.315,0.067644,-0.45299
0.316,0.07119,-0.48189
0.317,0.07517,-0.5098
0.318,0.079103,-0.54229
0.319,0.083522,-0.57368
0.32,0.087885,-0.61019
0.321,0.092789,-0.64548
0.322,0.097629,-0.68651
0.323,0.10307,-0.7262
0.324,0.10844,-0.77231
0.325,0.11448,-0.81692
0.326,0.12043,-0.86873
0.327,0.12713,-0.91887
0.328,0.13373,-0.97709
0.329,0.14116,-1.0335
0.33,0.14848,-1.0989
0.331,0.15672,-1.1622
0.332,0.16483,-1.2357
0.333,0.17398,-1.3068
0.334,0.18297,-1.3894
0.335,0.19311,-1.4693
0.336,0.20307,-1.562
0.337,0.21353,-1.6604
0.338,0.22535,-1.756
0.339,0.23694,-1.8665
0.34,0.25004,-1.9738
0.341,0.26288,-2.0979
0.342,0.27739,-2.2184
0.343,0.29162,-2.3578
0.344,0.30771,-2.4932
0.345,0.32346,-2.6497
0.346,0.34129,-2.8017
0.347,0.35873,-2.9774
0.348,0.37848,-3.1481
0.349,0.39779,-3.3453
0.35,0.41967,-3.5369
0.351,0.44105,-3.7583
0.352,0.46529,-3.9735
0.353,0.48895,-4.2219
0.354,0.51579,-4.4635
0.355,0.54198,-4.7424
0.356,0.57171,-5.0136
0.357,0.60068,-5.3265
0.358,0.63359,-5.6309
0.359,0.66565,-5.982
0.36,0.70208,-6.3237
0.361,0.73754,-6.7176
0.362,0.77788,-7.1011
0.363,0.81709,-7.543
0.364,0.86173,-7.9734
0.365,0.9051,-8.4692
0.366,0.9545,-8.9521
0.367,1.0025,-9.5082
0.368,1.0571,-10.05
0.369,1.1101,-10.674
0.37,1.1706,-11.282
0.371,1.2292,-11.981
0.372,1.2961,-12.664
0.373,1.3608,-13.448
0.374,1.4348,-14.213
0.375,1.5064,-15.093
0.376,1.5882,-15.952
0.377,1.6672,-16.938
0.378,1.7577,-17.901
0.379,1.845,-19.007
0.38,1.9366,-20.18
0.381,2.0415,-21.327
0.382,2.1426,-22.642
0.383,2.2586,-23.928
0.384,2.3702,-25.403
0.385,2.4983,-26.844
0.386,2.6216,-28.498
0.387,2.7632,-30.114
0.388,2.8992,-31.967
0.389,3.0556,-33.78
0.39,3.2057,-35.857
0.391,3.3786,-37.888
0.392,3.5442,-40.217
0.393,3.7351,-42.494
0.394,3.9178,-45.103
0.395,4.1285,-47.656
0.396,4.3301,-50.58
0.397,4.5628,-53.441
0.398,4.7851,-56.717
0.399,5.042,-59.925
0.4,5.287,-63.595
0.401,5.5706,-67.19
0.402,5.8408,-71.302
0.403,6.1537,-75.33
0.404,6.4515,-79.938
0.405,6.7968,-84.452
0.406,7.1249,-89.613
0.407,7.5059,-94.671
0.408,7.8674,-100.45
0.409,8.2876,-106.12
0.41,8.6859,-112.6
0.411,9.1492,-118.94
0.412,9.5879,-126.2
0.413,10.099,-133.31
0.414,10.582,-141.43
0.415,11.145,-149.4
0.416,11.677,-158.5
0.417,12.298,-167.43
0.418,12.883,-177.61
0.419,13.567,-187.61
0.42,14.211,-199.02
0.421,14.965,-210.22
0.422,15.674,-222.99
0.423,16.415,-236.53
0.424,17.284,-249.83
0.425,18.099,-264.99
0.426,19.056,-279.89
0.427,19.952,-296.86
0.428,21.006,-313.54
0.429,21.991,-332.54
0.43,23.151,-351.22
0.431,24.233,-372.48
0.432,25.511,-393.4
0.433,26.7,-417.2
0.434,28.105,-440.62
0.435,29.412,-467.27
0.436,30.958,-493.48
0.437,32.393,-523.3
0.438,34.094,-552.65
0.439,35.669,-586.03
0.44,37.539,-618.88
0.441,39.268,-656.23
0.442,41.325,-693
0.443,43.223,-734.8
0.444,45.484,-775.96
0.445,47.565,-822.74
0.446,50.05,-868.8
0.447,52.333,-921.14
0.448,55.064,-972.69
0.449,57.567,-1031.3
0.45,60.567,-1088.9
0.451,63.311,-1154.5
0.452,66.605,-1219
0.453,69.612,-1292.3
0.454,73.229,-1364.6
0.455,76.524,-1446.6
0.456,80.495,-1527.4
0.457,84.103,-1619.2
0.458,88.461,-1709.6
0.459,92.412,-1812.2
0.46,97.193,-1913.4
0.461,101.52,-2028.2
0.462,106.76,-2141.4
0.463,111.49,-2269.8
0.464,116.42,-2405.7
0.465,122.42,-2540
0.466,127.81,-2692.1
0.467,134.39,-2842.3
0.468,140.28,-3012.3
0.469,147.49,-3180.3
0.47,153.93,-3370.5
0.471,161.82,-3558.4
0.472,168.86,-3771.1
0.473,177.51,-3981.2
0.474,185.19,-4219.1
0.475,194.66,-4454.1
0.476,203.05,-4720
0.477,213.42,-4982.8
0.478,222.57,-5280.2
0.479,233.92,-5574.1
0.48,243.91,-5906.6
0.481,256.32,-6235.3
0.482,267.21,-6606.9
0.483,280.79,-6974.5
0.484,292.67,-7390
0.485,307.5,-7800.9
0.486,320.45,-8265.4
0.487,336.67,-8724.9
0.488,350.78,-9244.1
0.489,368.5,-9757.9
0.49,383.87,-10338
0.491,403.23,-10913
0.492,419.96,-11561
0.493,441.1,-12203
0.494,459.31,-12929
0.495,482.39,-13646
0.496,502.2,-14457
0.497,527.39,-15259
0.498,548.94,-16165
0.499,576.42,-17062
0.5,599.85,-18074
0.501,629.83,-19076
0.502,655.29,-20208
0.503,687.97,-21328
0.504,715.65,-22592
0.505,751.27,-23844
0.506,781.33,-25257
0.507,812.49,-26752
0.508,852.8,-28235
0.509,886.62,-29905
0.51,930.53,-31562
0.511,967.25,-33428
0.512,1015.1,-35280
0.513,1054.9,-37365
0.514,1107,-39434
0.515,1150.2,-41764
0.516,1206.8,-44076
0.517,1253.7,-46679
0.518,1315.4,-49262
0.519,1366.3,-52170
0.52,1433.3,-55056
0.521,1488.5,-58304
0.522,1561.4,-61528
0.523,1621.3,-65157
0.524,1700.5,-68759
0.525,1765.4,-72813
0.526,1851.6,-76837
0.527,1922,-81364
0.528,2015.7,-85860
0.529,2092.1,-90916
0.53,2193.8,-95939
0.531,2276.7,-1.0159e+005
0.532,2387.3,-1.072e+005
0.533,2477.2,-1.135e+005
0.534,2597.4,-1.1977e+005
0.535,2694.9,-1.2681e+005
0.536,2825.5,-1.3381e+005
0.537,2931.3,-1.4168e+005
0.538,3073.2,-1.495e+005
0.539,3188.1,-1.5828e+005
0.54,3342.3,-1.6701e+005
0.541,3467.1,-1.7682e+005
0.542,3634.6,-1.8657e+005
0.543,3770.3,-1.9753e+005
0.544,3952.3,-2.0842e+005
0.545,4099.7,-2.2065e+005
0.546,4297.5,-2.3281e+005
0.547,4457.9,-2.4646e+005
0.548,4624.6,-2.6091e+005
0.549,4847.4,-2.7529e+005
0.55,5029,-2.9142e+005
0.551,5271.2,-3.0748e+005
0.552,5469.1,-3.2548e+005
0.553,5732.5,-3.4341e+005
0.554,5948.2,-3.6352e+005
0.555,6234.7,-3.8353e+005
0.556,6470.1,-4.0598e+005
0.557,6781.9,-4.2833e+005
0.558,7038.9,-4.5339e+005
0.559,7378.3,-4.7834e+005
0.56,7659.2,-5.0632e+005
0.561,8028.7,-5.3417e+005
0.562,8335.9,-5.654e+005
0.563,8738.3,-5.965e+005
0.564,9074.6,-6.3135e+005
0.565,9513.2,-6.6607e+005
0.566,9881.5,-7.0498e+005
0.567,10360,-7.4374e+005
0.568,10763,-7.8716e+005
0.569,11285,-8.3043e+005
0.57,11728,-8.7889e+005
0.571,12297,-9.2719e+005
0.572,12783,-9.8127e+005
0.573,13405,-1.0352e+006
0.574,13939,-1.0956e+006
0.575,14618,-1.1557e+006
0.576,15205,-1.2231e+006
0.577,15947,-1.2903e+006
0.578,16593,-1.3654e+006
0.579,17404,-1.4404e+006
0.58,18115,-1.5243e+006
0.581,19003,-1.608e+006
0.582,19786,-1.7016e+006
0.583,20757,-1.795e+006
0.584,21621,-1.8994e+006
0.585,22685,-2.0036e+006
0.586,23637,-2.1202e+006
0.587,24802,-2.2365e+006
0.588,25853,-2.3665e+006
0.589,27131,-2.4963e+006
0.59,28291,-2.6414e+006
0.591,29510,-2.7949e+006
0.592,30972,-2.9481e+006
0.593,32319,-3.1193e+006
0.594,33924,-3.2903e+006
0.595,35412,-3.4814e+006
0.596,37175,-3.6722e+006
0.597,38819,-3.8853e+006
0.598,40756,-4.0982e+006
0.599,42574,-4.336e+006
0.6,44703,-4.5735e+006
0.601,46713,-4.8387e+006
0.602,49054,-5.1037e+006
0.603,51277,-5.3996e+006
0.604,53853,-5.6953e+006
0.605,56312,-6.0254e+006
0.606,59146,-6.3552e+006
0.607,61866,-6.7234e+006
0.608,64987,-7.0914e+006
0.609,67997,-7.5021e+006
0.61,71433,-7.9126e+006
0.611,74765,-8.3707e+006
0.612,78550,-8.8286e+006
0.613,82237,-9.3396e+006
0.614,86408,-9.8504e+006
0.615,90489,-1.042e+007
0.616,95087,-1.099e+007
0.617,99604,-1.1626e+007
0.618,1.0467e+005,-1.2261e+007
0.619,1.0967e+005,-1.297e+007
0.62,1.1526e+005,-1.3679e+007
0.621,1.208e+005,-1.447e+007
0.622,1.2697e+005,-1.5261e+007
0.623,1.331e+005,-1.6142e+007
0.624,1.399e+005,-1.7024e+007
0.625,1.4668e+005,-1.8007e+007
0.626,1.5419e+005,-1.8991e+007
0.627,1.6171e+005,-2.0088e+007
0.628,1.6999e+005,-2.1185e+007
0.629,1.7831e+005,-2.2407e+007
0.63,1.8746e+005,-2.3631e+007
0.631,1.9667e+005,-2.4994e+007
0.632,2.0636e+005,-2.6436e+007
0.633,2.1696e+005,-2.7879e+007
0.634,2.277e+005,-2.9486e+007
0.635,2.3941e+005,-3.1096e+007
0.636,2.5129e+005,-3.2888e+007
0.637,2.6422e+005,-3.4683e+007
0.638,2.7738e+005,-3.6681e+007
0.639,2.9167e+005,-3.8683e+007
0.64,3.0623e+005,-4.0911e+007
0.641,3.2202e+005,-4.3143e+007
0.642,3.3814e+005,-4.5627e+007
0.643,3.5558e+005,-4.8115e+007
0.644,3.7343e+005,-5.0885e+007
0.645,3.9271e+005,-5.366e+007
0.646,4.1247e+005,-5.6748e+007
0.647,4.3377e+005,-5.9842e+007
0.648,4.5565e+005,-6.3284e+007
0.649,4.7919e+005,-6.6734e+007
0.65,5.034e+005,-7.0571e+007
0.651,5.2942e+005,-7.4418e+007
0.652,5.5623e+005,-7.8696e+007
0.653,5.8499e+005,-8.2984e+007
0.654,6.1466e+005,-8.7753e+007
0.655,6.4645e+005,-9.2534e+007
0.656,6.7929e+005,-9.785e+007
0.657,7.1444e+005,-1.0318e+008
0.658,7.5079e+005,-1.0911e+008
0.659,7.8965e+005,-1.1505e+008
0.66,8.2988e+005,-1.2165e+008
0.661,8.7283e+005,-1.2828e+008
0.662,9.1736e+005,-1.3564e+008
0.663,9.6485e+005,-1.4303e+008
0.664,1.0141e+006,-1.5123e+008
0.665,1.0666e+006,-1.5947e+008
0.666,1.1212e+006,-1.6861e+008
0.667,1.1792e+006,-1.7779e+008
0.668,1.2396e+006,-1.8798e+008
0.669,1.3038e+006,-1.9821e+008
0.67,1.3705e+006,-2.0958e+008
0.671,1.4415e+006,-2.2098e+008
0.672,1.5154e+006,-2.3364e+008
0.673,1.5939e+006,-2.4635e+008
0.674,1.6756e+006,-2.6047e+008
0.675,1.7616e+006,-2.7538e+008
0.676,1.8529e+006,-2.9036e+008
0.677,1.948e+006,-3.0698e+008
0.678,2.0489e+006,-3.2368e+008
0.679,2.1542e+006,-3.422e+008
0.68,2.2657e+006,-3.6081e+008
0.681,2.3822e+006,-3.8146e+008
0.682,2.5055e+006,-4.0219e+008
0.683,2.6343e+006,-4.252e+008
0.684,2.7707e+006,-4.4831e+008
0.685,2.9133e+006,-4.7395e+008
0.686,3.0641e+006,-4.997e+008
0.687,3.2217e+006,-5.2827e+008
0.688,3.3885e+006,-5.5697e+008
0.689,3.5629e+006,-5.8881e+008
0.69,3.7472e+006,-6.208e+008
0.691,3.9401e+006,-6.5627e+008
0.692,4.144e+006,-6.9191e+008
0.693,4.3573e+006,-7.3144e+008
0.694,4.5827e+006,-7.7116e+008
0.695,4.8187e+006,-8.152e+008
0.696,5.0679e+006,-8.5946e+008
0.697,5.3289e+006,-9.0854e+008
0.698,5.6044e+006,-9.5785e+008
0.699,5.893e+006,-1.0125e+009
0.7,6.1976e+006,-1.0675e+009
0.701,6.5168e+006,-1.1284e+009
0.702,6.8536e+006,-1.1896e+009
0.703,7.2066e+006,-1.2575e+009
0.704,7.5789e+006,-1.3257e+009
0.705,7.9692e+006,-1.4013e+009
0.706,8.3808e+006,-1.4774e+009
0.707,8.8124e+006,-1.5616e+009
0.708,9.2674e+006,-1.6463e+009
0.709,9.7446e+006,-1.7401e+009
0.71,1.0248e+007,-1.8345e+009
0.711,1.0775e+007,-1.9391e+009
0.712,1.1331e+007,-2.0442e+009
0.713,1.1915e+007,-2.1607e+009
0.714,1.2529e+007,-2.2778e+009
0.715,1.3174e+007,-2.4075e+009
0.716,1.3852e+007,-2.5446e+009
0.717,1.4566e+007,-2.6826e+009
0.718,1.5316e+007,-2.8353e+009
0.719,1.6105e+007,-2.989e+009
0.72,1.6934e+007,-3.1586e+009
0.721,1.7807e+007,-3.3298e+009
0.722,1.8723e+007,-3.5184e+009
0.723,1.9687e+007,-3.709e+009
0.724,2.07e+007,-3.9185e+009
0.725,2.1766e+007,-4.1302e+009
0.726,2.2885e+007,-4.3626e+009
0.727,2.4064e+007,-4.598e+009
0.728,2.5301e+007,-4.8557e+009
0.729,2.6603e+007,-5.1173e+009
0.73,2.7971e+007,-5.403e+009
0.731,2.941e+007,-5.6936e+009
0.732,3.0922e+007,-6.0104e+009
0.733,3.2512e+007,-6.3333e+009
0.734,3.4183e+007,-6.6844e+009
0.735,3.594e+007,-7.043e+009
0.736,3.7786e+007,-7.4322e+009
0.737,3.9728e+007,-7.8303e+009
0.738,4.1769e+007,-8.2617e+009
0.739,4.3915e+007,-8.7036e+009
0.74,4.6169e+007,-9.1817e+009
0.741,4.854e+007,-9.6722e+009
0.742,5.1032e+007,-1.0202e+010
0.743,5.3651e+007,-1.0746e+010
0.744,5.6404e+007,-1.1333e+010
0.745,5.9298e+007,-1.1937e+010
0.746,6.234e+007,-1.2588e+010
0.747,6.5537e+007,-1.3258e+010
0.748,6.8897e+007,-1.3979e+010
0.749,7.243e+007,-1.4722e+010
0.75,7.6142e+007,-1.5521e+010
0.751,8.0044e+007,-1.6346e+010
0.752,8.4145e+007,-1.723e+010
0.753,8.8456e+007,-1.8145e+010
0.754,9.2985e+007,-1.9125e+010
0.755,9.7747e+007,-2.0139e+010
0.756,1.0275e+008,-2.1225e+010
0.757,1.0801e+008,-2.235e+010
0.758,1.1354e+008,-2.3553e+010
0.759,1.1934e+008,-2.4814e+010
0.76,1.2545e+008,-2.6132e+010
0.761,1.3186e+008,-2.753e+010
0.762,1.3861e+008,-2.8991e+010
0.763,1.4569e+008,-3.054e+010
0.764,1.5314e+008,-3.2155e+010
0.765,1.6096e+008,-3.3875e+010
0.766,1.6918e+008,-3.5665e+010
0.767,1.7782e+008,-3.757e+010
0.768,1.869e+008,-3.9555e+010
0.769,1.9644e+008,-4.1665e+010
0.77,2.0647e+008,-4.3865e+010
0.771,2.17e+008,-4.6202e+010
0.772,2.2807e+008,-4.8641e+010
0.773,2.397e+008,-5.123e+010
0.774,2.5193e+008,-5.3932e+010
0.775,2.6477e+008,-5.68e+010
0.776,2.7826e+008,-5.9794e+010
0.777,2.9244e+008,-6.2971e+010
0.778,3.0734e+008,-6.6289e+010
0.779,3.2299e+008,-6.9808e+010
0.78,3.3943e+008,-7.3484e+010
0.781,3.5671e+008,-7.7382e+010
0.782,3.7486e+008,-8.1455e+010
0.783,3.9394e+008,-8.5773e+010
0.784,4.1397e+008,-9.0286e+010
0.785,4.3503e+008,-9.5069e+010
0.786,4.5714e+008,-1.0007e+011
0.787,4.8038e+008,-1.0537e+011
0.788,5.0479e+008,-1.1091e+011
0.789,5.3043e+008,-1.1677e+011
0.79,5.5738e+008,-1.2291e+011
0.791,5.8568e+008,-1.2941e+011
0.792,6.1541e+008,-1.3621e+011
0.793,6.4664e+008,-1.434e+011
0.794,6.7945e+008,-1.5094e+011
0.795,7.1392e+008,-1.5891e+011
0.796,7.5012e+008,-1.6725e+011
0.797,7.8816e+008,-1.7608e+011
0.798,8.281e+008,-1.8532e+011
0.799,8.7007e+008,-1.951e+011
0.8,9.1415e+008,-2.0534e+011
0.801,9.6045e+008,-2.1617e+011
0.802,1.0091e+009,-2.2752e+011
0.803,1.0602e+009,-2.395e+011
0.804,1.1138e+009,-2.5208e+011
0.805,1.1702e+009,-2.653e+011
0.806,1.2293e+009,-2.7927e+011
0.807,1.2915e+009,-2.9392e+011
0.808,1.3568e+009,-3.0939e+011
0.809,1.4254e+009,-3.2561e+011
0.81,1.4974e+009,-3.4275e+011
0.811,1.573e+009,-3.6071e+011
0.812,1.6525e+009,-3.7969e+011
0.813,1.7359e+009,-3.9959e+011
0.814,1.8235e+009,-4.206e+011
0.815,1.9155e+009,-4.4264e+011
0.816,2.0121e+009,-4.6591e+011
0.817,2.1136e+009,-4.9032e+011
0.818,2.2201e+009,-5.1609e+011
0.819,2.332e+009,-5.4312e+011
0.82,2.4495e+009,-5.7166e+011
0.821,2.5729e+009,-6.0159e+011
0.822,2.7025e+009,-6.332e+011
0.823,2.8385e+009,-6.6635e+011
0.824,2.9813e+009,-7.0135e+011
0.825,3.1313e+009,-7.3806e+011
0.826,3.2888e+009,-7.7682e+011
0.827,3.4542e+009,-8.1747e+011
0.828,3.6278e+009,-8.604e+011
0.829,3.8101e+009,-9.0541e+011
0.83,4.0015e+009,-9.5295e+011
0.831,4.2025e+009,-1.0028e+012
0.832,4.4135e+009,-1.0554e+012
0.833,4.635e+009,-1.1106e+012
0.834,4.8676e+009,-1.1689e+012
0.835,5.1117e+009,-1.2301e+012
0.836,5.3681e+009,-1.2946e+012
0.837,5.6371e+009,-1.3623e+012
0.838,5.9196e+009,-1.4338e+012
0.839,6.2162e+009,-1.5087e+012
0.84,6.5275e+009,-1.5879e+012
0.841,6.8543e+009,-1.6709e+012
0.842,7.1973e+009,-1.7586e+012
0.843,7.5574e+009,-1.8505e+012
0.844,7.9354e+009,-1.9476e+012
0.845,8.3322e+009,-2.0494e+012
0.846,8.7487e+009,-2.1569e+012
0.847,9.1858e+009,-2.2696e+012
0.848,9.6447e+009,-2.3882e+012
0.849,1.0126e+010,-2.5134e+012
0.85,1.0632e+010,-2.6448e+012
0.851,1.1162e+010,-2.7835e+012
0.852,1.1719e+010,-2.929e+012
0.853,1.2303e+010,-3.0825e+012
0.854,1.2917e+010,-3.2437e+012
0.855,1.356e+010,-3.4137e+012
0.856,1.4236e+010,-3.5922e+012
0.857,1.4945e+010,-3.7805e+012
0.858,1.5689e+010,-3.9781e+012
0.859,1.647e+010,-4.1867e+012
0.86,1.7289e+010,-4.4055e+012
0.861,1.8149e+010,-4.6365e+012
0.862,1.9051e+010,-4.8789e+012
0.863,1.9997e+010,-5.1348e+012
0.864,2.0991e+010,-5.4032e+012
0.865,2.2033e+010,-5.6866e+012
0.866,2.3126e+010,-5.9839e+012
0.867,2.4274e+010,-6.2978e+012
0.868,2.5478e+010,-6.6271e+012
0.869,2.6741e+010,-6.9748e+012
0.87,2.8066e+010,-7.3395e+012
0.871,2.9457e+010,-7.7247e+012
0.872,3.0916e+010,-8.1287e+012
0.873,3.2446e+010,-8.5554e+012
0.874,3.4052e+010,-9.003e+012
0.875,3.5736e+010,-9.4757e+012
0.876,3.7503e+010,-9.9715e+012
0.877,3.9357e+010,-1.0495e+013
0.878,4.1301e+010,-1.1045e+013
0.879,4.3341e+010,-1.1625e+013
0.88,4.548e+010,-1.2234e+013
0.881,4.7724e+010,-1.2877e+013
0.882,5.0078e+010,-1.3551e+013
0.883,5.2548e+010,-1.4264e+013
0.884,5.5137e+010,-1.5011e+013
0.885,5.7853e+010,-1.5801e+013
0.886,6.0702e+010,-1.6629e+013
0.887,6.369e+010,-1.7505e+013
0.888,6.6824e+010,-1.8423e+013
0.889,7.011e+010,-1.939e+013
0.89,7.3556e+010,-2.0411e+013
0.891,7.7171e+010,-2.1484e+013
0.892,8.0961e+010,-2.2616e+013
0.893,8.4935e+010,-2.3805e+013
0.894,8.9103e+010,-2.506e+013
0.895,9.3473e+010,-2.6378e+013
0.896,9.8056e+010,-2.7771e+013
0.897,1.0286e+011,-2.9233e+013
0.898,1.079e+011,-3.0778e+013
0.899,1.1318e+011,-3.24e+013
0.9,1.1872e+011,-3.4114e+013
0.901,1.2453e+011,-3.5914e+013
0.902,1.3061e+011,-3.7815e+013
0.903,1.37e+011,-3.9813e+013
0.904,1.4369e+011,-4.1924e+013
0.905,1.507e+011,-4.4141e+013
0.906,1.5805e+011,-4.6485e+013
0.907,1.6576e+011,-4.8947e+013
0.908,1.7384e+011,-5.155e+013
0.909,1.8231e+011,-5.4284e+013
0.91,1.9119e+011,-5.7176e+013
0.911,2.0049e+011,-6.0213e+013
0.912,2.1025e+011,-6.3427e+013
0.913,2.2047e+011,-6.6803e+013
0.914,2.3118e+011,-7.0375e+013
0.915,2.4241e+011,-7.4128e+013
0.916,2.5417e+011,-7.81e+013
0.917,2.6651e+011,-8.2275e+013
0.918,2.7943e+011,-8.6694e+013
0.919,2.9297e+011,-9.1339e+013
0.92,3.0716e+011,-9.6258e+013
0.921,3.2203e+011,-1.0143e+014
0.922,3.3761e+011,-1.0691e+014
0.923,3.5393e+011,-1.1267e+014
0.924,3.7103e+011,-1.1877e+014
0.925,3.8895e+011,-1.2519e+014
0.926,4.0773e+011,-1.3199e+014
0.927,4.274e+011,-1.3915e+014
0.928,4.48e+011,-1.4674e+014
0.929,4.6959e+011,-1.5473e+014
0.93,4.922e+011,-1.632e+014
0.931,5.1588e+011,-1.7212e+014
0.932,5.407e+011,-1.8156e+014
0.933,5.6668e+011,-1.9156e+014
0.934,5.939e+011,-2.0211e+014
0.935,6.2241e+011,-2.133e+014
0.936,6.5227e+011,-2.2511e+014
0.937,6.8354e+011,-2.3764e+014
0.938,7.1629e+011,-2.5087e+014
0.939,7.5058e+011,-2.6492e+014
0.94,7.865e+011,-2.7976e+014
0.941,8.241e+011,-2.9553e+014
0.942,8.6348e+011,-3.1219e+014
0.943,9.0471e+011,-3.2991e+014
0.944,9.4788e+011,-3.4865e+014
0.945,9.9308e+011,-3.686e+014
0.946,1.0404e+012,-3.8971e+014
0.947,1.0899e+012,-4.1219e+014
0.948,1.1418e+012,-4.3601e+014
0.949,1.1961e+012,-4.614e+014
0.95,1.2529e+012,-4.8832e+014
0.951,1.3124e+012,-5.1706e+014
0.952,1.3747e+012,-5.4755e+014
0.953,1.4398e+012,-5.8014e+014
0.954,1.508e+012,-6.1476e+014
0.955,1.5794e+012,-6.518e+014
0.956,1.6541e+012,-6.9121e+014
0.957,1.7323e+012,-7.3344e+014
0.958,1.8141e+012,-7.7843e+014
0.959,1.8997e+012,-8.2671e+014
0.96,1.9893e+012,-8.7823e+014
0.961,2.083e+012,-9.3363e+014
0.962,2.181e+012,-9.9286e+014
0.963,2.2836e+012,-1.0567e+015
0.964,2.3909e+012,-1.125e+015
0.965,2.5032e+012,-1.1989e+015
0.966,2.6206e+012,-1.2782e+015
0.967,2.7434e+012,-1.364e+015
0.968,2.8719e+012,-1.4564e+015
0.969,3.0063e+012,-1.5568e+015
0.97,3.1468e+012,-1.6653e+015
0.971,3.2938e+012,-1.7835e+015
0.972,3.4474e+012,-1.9117e+015
0.973,3.6082e+012,-2.0516e+015
0.974,3.7762e+012,-2.2047e+015
0.975,3.9519e+012,-2.3722e+015
0.976,4.1356e+012,-2.5565e+015
0.977,4.3277e+012,-2.7592e+015
0.978,4.5285e+012,-2.9837e+015
0.979,4.7383e+012,-3.2322e+015
0.98,4.9577e+012,-3.5095e+015
0.981,5.1871e+012,-3.819e+015
0.982,5.4268e+012,-4.1675e+015
0.983,5.6773e+012,-4.5606e+015
0.984,5.9391e+012,-5.0083e+015
0.985,6.2126e+012,-5.5198e+015
0.986,6.4985e+012,-6.1111e+015
0.987,6.7972e+012,-6.7983e+015
0.988,7.1093e+012,-7.6081e+015
0.989,7.4354e+012,-8.5714e+015
0.99,7.7761e+012,-9.7375e+015
0.991,8.1319e+012,-1.1171e+016
0.992,8.5037e+012,-1.2976e+016
0.993,8.8919e+012,-1.5306e+016
0.994,9.2974e+012,-1.8433e+016
0.995,9.721e+012,-2.2826e+016
0.996,1.0163e+013,-2.9445e+016
0.997,1.0625e+013,-4.0502e+016
0.998,1.1107e+013,-6.268e+016
0.999,1.1611e+013,-1.2929e+017
1,1.2137e+013,Inf
1.001,1.2685e+013,1.3751e+017
1.002,1.3258e+013,7.0898e+016
1.003,1.3856e+013,4.8722e+016
1.004,1.448e+013,3.7671e+016
1.005,1.5132e+013,3.1058e+016
1.006,1.5811e+013,2.6675e+016
1.007,1.6521e+013,2.3557e+016
1.008,1.7261e+013,2.1239e+016
1.009,1.8033e+013,1.9445e+016
1.01,1.8839e+013,1.8028e+016
1.011,1.9679e+013,1.6877e+016
1.012,2.0556e+013,1.5932e+016
1.013,2.1471e+013,1.514e+016
1.014,2.2425e+013,1.4475e+016
1.015,2.3419e+013,1.3905e+016
1.016,2.4456e+013,1.3415e+016
1.017,2.5538e+013,1.2994e+016
1.018,2.6666e+013,1.2627e+016
1.019,2.7841e+013,1.2308e+016
1.02,2.9067e+013,1.2027e+016
1.021,3.0344e+013,1.1782e+016
1.022,3.1676e+013,1.1565e+016
1.023,3.3063e+013,1.1376e+016
1.024,3.451e+013,1.1208e+016
1.025,3.6016e+013,1.1063e+016
1.026,3.7586e+013,1.0933e+016
1.027,3.9222e+013,1.0822e+016
1.028,4.0926e+013,1.0723e+016
1.029,4.2701e+013,1.0639e+016
1.03,4.4549e+013,1.0565e+016
1.031,4.6474e+013,1.0504e+016
1.032,4.8479e+013,1.0451e+016
1.033,5.0567e+013,1.0409e+016
1.034,5.274e+013,1.0374e+016
1.035,5.5002e+013,1.0348e+016
1.036,5.7358e+013,1.0328e+016
1.037,5.9809e+013,1.0316e+016
1.038,6.236e+013,1.0309e+016
1.039,6.5015e+013,1.031e+016
1.04,6.7778e+013,1.0314e+016
1.041,7.0652e+013,1.0326e+016
1.042,7.3642e+013,1.034e+016
1.043,7.6752e+013,1.0361e+016
1.044,7.9987e+013,1.0385e+016
1.045,8.3351e+013,1.0415e+016
1.046,8.685e+013,1.0447e+016
1.047,9.0487e+013,1.0485e+016
1.048,9.4269e+013,1.0524e+016
1.049,9.82e+013,1.0569e+016
1.05,1.0229e+014,1.0615e+016
1.051,1.0653e+014,1.0668e+016
1.052,1.1095e+014,1.072e+016
1.053,1.1553e+014,1.0779e+016
1.054,1.203e+014,1.0837e+016
1.055,1.2525e+014,1.0902e+016
1.056,1.3039e+014,1.0966e+016
1.057,1.3573e+014,1.1034e+016
1.058,1.4127e+014,1.1106e+016
1.059,1.4703e+014,1.1179e+016
1.06,1.5301e+014,1.1256e+016
1.061,1.5921e+014,1.1334e+016
1.062,1.6565e+014,1.1416e+016
1.063,1.7234e+014,1.1499e+016
1.064,1.7927e+014,1.1586e+016
1.065,1.8647e+014,1.1673e+016
1.066,1.9394e+014,1.1765e+016
1.067,2.0168e+014,1.1857e+016
1.068,2.0972e+014,1.1953e+016
1.069,2.1805e+014,1.2049e+016
1.07,2.2669e+014,1.215e+016
1.071,2.3564e+014,1.2251e+016
1.072,2.4493e+014,1.2356e+016
1.073,2.5455e+014,1.246e+016
1.074,2.6453e+014,1.257e+016
1.075,2.7487e+014,1.2678e+016
1.076,2.8558e+014,1.2792e+016
1.077,2.9667e+014,1.2905e+016
1.078,3.0816e+014,1.3022e+016
1.079,3.2007e+014,1.3139e+016
1.08,3.3239e+014,1.3261e+016
1.081,3.4515e+014,1.3382e+016
1.082,3.5837e+014,1.3507e+016
1.083,3.7204e+014,1.3632e+016
1.084,3.862e+014,1.3762e+016
1.085,4.0085e+014,1.3891e+016
1.086,4.1601e+014,1.4025e+016
1.087,4.3169e+014,1.4157e+016
1.088,4.4791e+014,1.4295e+016
1.089,4.6468e+014,1.4431e+016
1.09,4.8203e+014,1.4573e+016
1.091,4.9997e+014,1.4714e+016
1.092,5.1851e+014,1.486e+016
1.093,5.3768e+014,1.5004e+016
1.094,5.575e+014,1.5154e+016
1.095,5.7797e+014,1.5302e+016
1.096,5.9912e+014,1.5456e+016
1.097,6.2097e+014,1.5608e+016
1.098,6.4355e+014,1.5767e+016
1.099,6.6686e+014,1.5923e+016
1.1,6.9093e+014,1.6081e+016
1.101,7.1579e+014,1.6245e+016
1.102,7.4144e+014,1.6407e+016
1.103,7.6793e+014,1.6575e+016
1.104,7.9526e+014,1.6742e+016
1.105,8.2347e+014,1.6914e+016
1.106,8.5257e+014,1.7085e+016
1.107,8.8259e+014,1.7261e+016
1.108,9.1354e+014,1.7436e+016
1.109,9.4548e+014,1.7616e+016
1.11,9.784e+014,1.7795e+016
1.111,1.0123e+015,1.798e+016
1.112,1.0473e+015,1.8163e+016
1.113,1.0834e+015,1.8352e+016
1.114,1.1206e+015,1.854e+016
1.115,1.1588e+015,1.8733e+016
1.116,1.1983e+015,1.8925e+016
1.117,1.2389e+015,1.9123e+016
1.118,1.2808e+015,1.9319e+016
1.119,1.3239e+015,1.9522e+016
1.12,1.3682e+015,1.9722e+016
1.121,1.4139e+015,1.9929e+016
1.122,1.4609e+015,2.0133e+016
1.123,1.5093e+015,2.0345e+016
1.124,1.5591e+015,2.0554e+016
1.125,1.6104e+015,2.0771e+016
1.126,1.6631e+015,2.0984e+016
1.127,1.7173e+015,2.1206e+016
1.128,1.773e+015,2.1424e+016
1.129,1.8304e+015,2.1651e+016
1.13,1.8893e+015,2.1873e+016
1.131,1.9499e+015,2.2104e+016
1.132,2.0122e+015,2.2332e+016
1.133,2.0762e+015,2.2568e+016
1.134,2.142e+015,2.28e+016
1.135,2.2095e+015,2.3042e+016
1.136,2.279e+015,2.3278e+016
1.137,2.3503e+015,2.3525e+016
1.138,2.4235e+015,2.3767e+016
1.139,2.4987e+015,2.4019e+016
1.14,2.5759e+015,2.4265e+016
1.141,2.6552e+015,2.4522e+016
1.142,2.7365e+015,2.4774e+016
1.143,2.82e+015,2.503e+016
1.144,2.9057e+015,2.5293e+016
1.145,2.9936e+015,2.5554e+016
1.146,3.0838e+015,2.5823e+016
1.147,3.1762e+015,2.6089e+016
1.148,3.2711e+015,2.6364e+016
1.149,3.3684e+015,2.6636e+016
1.15,3.4682e+015,2.6916e+016
1.151,3.5705e+015,2.7193e+016
1.152,3.6753e+015,2.7479e+016
1.153,3.7828e+015,2.7761e+016
1.154,3.893e+015,2.8053e+016
1.155,4.0058e+015,2.8341e+016
1.156,4.1215e+015,2.8639e+016
1.157,4.2399e+015,2.8932e+016
1.158,4.3613e+015,2.9236e+016
1.159,4.4856e+015,2.9535e+016
1.16,4.6129e+015,2.9846e+016
1.161,4.7432e+015,3.015e+016
1.162,4.8767e+015,3.0467e+016
1.163,5.0133e+015,3.0778e+016
1.164,5.1532e+015,3.11e+016
1.165,5.2963e+015,3.1417e+016
1.166,5.4429e+015,3.1746e+016
1.167,5.5927e+015,3.2069e+016
1.168,5.7462e+015,3.2405e+016
1.169,5.903e+015,3.2733e+016
1.17,6.0636e+015,3.3076e+016
1.171,6.2277e+015,3.3411e+016
1.172,6.3957e+015,3.376e+016
1.173,6.5673e+015,3.4101e+016
1.174,6.7429e+015,3.4457e+016
1.175,6.9223e+015,3.4805e+016
1.176,7.1059e+015,3.5168e+016
1.177,7.2933e+015,3.5522e+016
1.178,7.4851e+015,3.5893e+016
1.179,7.6809e+015,3.6253e+016
1.18,7.8812e+015,3.6631e+016
1.181,8.0856e+015,3.6998e+016
1.182,8.2947e+015,3.7383e+016
1.183,8.508e+015,3.7757e+016
1.184,8.7259e+015,3.8137e+016
1.185,8.9487e+015,3.853e+016
1.186,9.176e+015,3.8917e+016
1.187,9.4083e+015,3.9317e+016
1.188,9.6452e+015,3.9712e+016
1.189,9.8874e+015,4.012e+016
1.19,1.0134e+016,4.0521e+016
1.191,1.0387e+016,4.0937e+016
1.192,1.0644e+016,4.1346e+016
1.193,1.0907e+016,4.1769e+016
1.194,1.1175e+016,4.2185e+016
1.195,1.1448e+016,4.2617e+016
1.196,1.1727e+016,4.304e+016
1.197,1.2012e+016,4.348e+016
1.198,1.2302e+016,4.3911e+016
1.199,1.2599e+016,4.4359e+016
1.2,1.29e+016,4.4797e+016
1.201,1.3209e+016,4.5253e+016
1.202,1.3522e+016,4.57e+016
1.203,1.3843e+016,4.6164e+016
1.204,1.4169e+016,4.6619e+016
1.205,1.4502e+016,4.7092e+016
1.206,1.4841e+016,4.7554e+016
1.207,1.5187e+016,4.8036e+016
1.208,1.5539e+016,4.8506e+016
1.209,1.5898e+016,4.8997e+016
1.21,1.6264e+016,4.9475e+016
1.211,1.6637e+016,4.9975e+016
1.212,1.7016e+016,5.0461e+016
1.213,1.7403e+016,5.097e+016
1.214,1.7796e+016,5.1464e+016
1.215,1.8198e+016,5.1982e+016
1.216,1.8606e+016,5.2485e+016
1.217,1.9022e+016,5.3012e+016
1.218,1.9445e+016,5.3524e+016
1.219,1.9877e+016,5.406e+016
1.22,2.0315e+016,5.458e+016
1.221,2.0762e+016,5.5127e+016
1.222,2.1216e+016,5.5655e+016
1.223,2.1679e+016,5.6211e+016
1.224,2.2149e+016,5.6748e+016
1.225,2.2629e+016,5.7314e+016
1.226,2.3115e+016,5.786e+016
1.227,2.3609e+016,5.8414e+016
1.228,2.4114e+016,5.899e+016
1.229,2.4625e+016,5.9554e+016
1.23,2.5148e+016,6.0139e+016
1.231,2.5676e+016,6.0712e+016
1.232,2.6216e+016,6.1307e+016
1.233,2.6762e+016,6.189e+016
1.234,2.732e+016,6.2495e+016
1.235,2.7885e+016,6.3086e+016
1.236,2.8461e+016,6.3702e+016
1.237,2.9043e+016,6.4303e+016
1.238,2.9638e+016,6.4929e+016
1.239,3.0239e+016,6.5538e+016
1.24,3.0853e+016,6.6175e+016
1.241,3.1473e+016,6.6794e+016
1.242,3.2107e+016,6.7441e+016
1.243,3.2746e+016,6.807e+016
1.244,3.3399e+016,6.8728e+016
1.245,3.4057e+016,6.9365e+016
1.246,3.473e+016,7.0034e+016
1.247,3.5408e+016,7.0681e+016
1.248,3.6101e+016,7.1361e+016
1.249,3.6798e+016,7.2017e+016
1.25,3.7512e+016,7.2708e+016
1.251,3.823e+016,7.3374e+016
1.252,3.8964e+016,7.4075e+016
1.253,3.9701e+016,7.4751e+016
1.254,4.0457e+016,7.5463e+016
1.255,4.1214e+016,7.6148e+016
1.256,4.199e+016,7.6871e+016
1.257,4.2768e+016,7.7566e+016
1.258,4.3565e+016,7.83e+016
1.259,4.4363e+016,7.9004e+016
1.26,4.5182e+016,7.975e+016
1.261,4.6e+016,8.0463e+016
1.262,4.684e+016,8.122e+016
1.263,4.7678e+016,8.1943e+016
1.264,4.8539e+016,8.2711e+016
1.265,4.9398e+016,8.3443e+016
1.266,5.028e+016,8.4223e+016
1.267,5.1158e+016,8.4964e+016
1.268,5.2049e+016,8.5719e+016
1.269,5.296e+016,8.6506e+016
1.27,5.3871e+016,8.727e+016
1.271,5.4802e+016,8.8067e+016
1.272,5.5733e+016,8.8841e+016
1.273,5.6685e+016,8.9649e+016
1.274,5.7635e+016,9.0432e+016
1.275,5.8607e+016,9.1252e+016
1.276,5.9576e+016,9.2043e+016
1.277,6.0569e+016,9.2874e+016
1.278,6.1556e+016,9.3674e+016
1.279,6.2569e+016,9.4516e+016
1.28,6.3574e+016,9.5325e+016
1.281,6.4607e+016,9.6178e+016
1.282,6.563e+016,9.6996e+016
1.283,6.6681e+016,9.7859e+016
1.284,6.7721e+016,9.8686e+016
1.285,6.8792e+016,9.9559e+016
1.286,6.9849e+016,1.0039e+017
1.287,7.0937e+016,1.0128e+017
1.288,7.201e+016,1.0212e+017
1.289,7.3117e+016,1.0302e+017
1.29,7.4205e+016,1.0387e+017
1.291,7.5329e+016,1.0477e+017
1.292,7.6432e+016,1.0563e+017
1.293,7.7572e+016,1.0655e+017
1.294,7.8689e+016,1.0741e+017
1.295,7.9846e+016,1.0834e+017
1.296,8.0976e+016,1.0921e+017
1.297,8.2149e+016,1.1015e+017
1.298,8.3291e+016,1.1103e+017
1.299,8.4478e+016,1.1197e+017
1.3,8.5633e+016,1.1286e+017
1.301,8.6834e+016,1.1382e+017
1.302,8.7999e+016,1.1471e+017
1.303,8.9214e+016,1.1567e+017
1.304,9.0389e+016,1.1657e+017
1.305,9.1618e+016,1.1755e+017
1.306,9.2802e+016,1.1845e+017
1.307,9.4042e+016,1.1943e+017
1.308,9.5234e+016,1.2035e+017
1.309,9.6486e+016,1.2134e+017
1.31,9.7686e+016,1.2225e+017
1.311,9.89e+016,1.2319e+017
1.312,1.0015e+017,1.2417e+017
1.313,1.0137e+017,1.2511e+017
1.314,1.0264e+017,1.261e+017
1.315,1.0386e+017,1.2705e+017
1.316,1.0514e+017,1.2805e+017
1.317,1.0637e+017,1.2899e+017
1.318,1.0765e+017,1.3e+017
1.319,1.0888e+017,1.3095e+017
1.32,1.1016e+017,1.3197e+017
1.321,1.114e+017,1.3292e+017
1.322,1.1269e+017,1.3394e+017
1.323,1.1393e+017,1.349e+017
1.324,1.1523e+017,1.3592e+017
1.325,1.1647e+017,1.3688e+017
1.326,1.1777e+017,1.3791e+017
1.327,1.1901e+017,1.3887e+017
1.328,1.2031e+017,1.3991e+017
1.329,1.2155e+017,1.4087e+017
1.33,1.2286e+017,1.4191e+017
1.331,1.2409e+017,1.4287e+017
1.332,1.254e+017,1.4392e+017
1.333,1.2664e+017,1.4488e+017
1.334,1.2795e+017,1.4592e+017
1.335,1.2918e+017,1.4688e+017
1.336,1.3049e+017,1.4794e+017
1.337,1.3171e+017,1.4889e+017
1.338,1.3302e+017,1.4995e+017
1.339,1.3424e+017,1.509e+017
1.34,1.3555e+017,1.5196e+017
1.341,1.3676e+017,1.5291e+017
1.342,1.3806e+017,1.5397e+017
1.343,1.3927e+017,1.5492e+017
1.344,1.4057e+017,1.5597e+017
1.345,1.4176e+017,1.5692e+017
1.346,1.4306e+017,1.5798e+017
1.347,1.4425e+017,1.5891e+017
1.348,1.4554e+017,1.5997e+017
1.349,1.4671e+017,1.609e+017
1.35,1.48e+017,1.6196e+017
1.351,1.4916e+017,1.6288e+017
1.352,1.5034e+017,1.6383e+017
1.353,1.5159e+017,1.6485e+017
1.354,1.5276e+017,1.6579e+017
1.355,1.54e+017,1.6681e+017
1.356,1.5516e+017,1.6774e+017
1.357,1.5639e+017,1.6875e+017
1.358,1.5752e+017,1.6967e+017
1.359,1.5874e+017,1.7068e+017
1.36,1.5987e+017,1.7158e+017
1.361,1.6107e+017,1.7259e+017
1.362,1.6218e+017,1.7348e+017
1.363,1.6337e+017,1.7448e+017
1.364,1.6446e+017,1.7535e+017
1.365,1.6564e+017,1.7634e+017
1.366,1.6671e+017,1.772e+017
1.367,1.6787e+017,1.7818e+017
1.368,1.6892e+017,1.7903e+017
1.369,1.7007e+017,1.8e+017
1.37,1.7109e+017,1.8083e+017
1.371,1.7222e+017,1.8178e+017
1.372,1.7322e+017,1.8259e+017
1.373,1.7433e+017,1.8353e+017
1.374,1.753e+017,1.8432e+017
1.375,1.764e+017,1.8525e+017
1.376,1.7734e+017,1.8601e+017
1.377,1.7842e+017,1.8693e+017
1.378,1.7933e+017,1.8767e+017
1.379,1.8039e+017,1.8856e+017
1.38,1.8127e+017,1.8928e+017
1.381,1.823e+017,1.9016e+017
1.382,1.8315e+017,1.9084e+017
1.383,1.8416e+017,1.917e+017
1.384,1.8497e+017,1.9236e+017
1.385,1.8595e+017,1.9319e+017
1.386,1.8673e+017,1.9382e+017
1.387,1.8768e+017,1.9463e+017
1.388,1.8842e+017,1.9523e+017
1.389,1.8935e+017,1.9601e+017
1.39,1.9005e+017,1.9657e+017
1.391,1.9094e+017,1.9733e+017
1.392,1.916e+017,1.9785e+017
1.393,1.9246e+017,1.9858e+017
1.394,1.9307e+017,1.9906e+017
1.395,1.9371e+017,1.9957e+017
1.396,1.9446e+017,2.002e+017
1.397,1.9505e+017,2.0067e+017
1.398,1.9577e+017,2.0127e+017
1.399,1.9631e+017,2.0168e+017
1.4,1.9699e+017,2.0225e+017
1.401,1.9748e+017,2.0262e+017
1.402,1.9811e+017,2.0314e+017
1.403,1.9854e+017,2.0346e+017
1.404,1.9913e+017,2.0394e+017
1.405,1.9951e+017,2.0421e+017
1.406,2.0005e+017,2.0465e+017
1.407,2.0037e+017,2.0486e+017
1.408,2.0086e+017,2.0525e+017
1.409,2.0112e+017,2.0541e+017
1.41,2.0155e+017,2.0575e+017
1.411,2.0174e+017,2.0584e+017
1.412,2.0212e+017,2.0613e+017
1.413,2.0225e+017,2.0616e+017
1.414,2.0257e+017,2.0639e+017
1.415,2.0262e+017,2.0635e+017
1.416,2.0288e+017,2.0653e+017
1.417,2.0286e+017,2.0641e+017
1.418,2.0305e+017,2.0653e+017
1.419,2.0295e+017,2.0634e+017
1.42,2.0308e+017,2.0639e+017
1.421,2.029e+017,2.0612e+017
1.422,2.0296e+017,2.0611e+017
1.423,2.0269e+017,2.0576e+017
1.424,2.0267e+017,2.0567e+017
1.425,2.0232e+017,2.0523e+017
1.426,2.0222e+017,2.0507e+017
1.427,2.0177e+017,2.0454e+017
1.428,2.016e+017,2.043e+017
1.429,2.0104e+017,2.0368e+017
1.43,2.0079e+017,2.0336e+017
1.431,2.0013e+017,2.0263e+017
1.432,1.9978e+017,2.0222e+017
1.433,1.9902e+017,2.0139e+017
1.434,1.9858e+017,2.0089e+017
1.435,1.9771e+017,1.9995e+017
1.436,1.9686e+017,1.9903e+017
1.437,1.9618e+017,1.9831e+017
1.438,1.9521e+017,1.9727e+017
1.439,1.9443e+017,1.9644e+017
1.44,1.9334e+017,1.9528e+017
1.441,1.9245e+017,1.9434e+017
1.442,1.9123e+017,1.9306e+017
1.443,1.9022e+017,1.9201e+017
1.444,1.8888e+017,1.9061e+017
1.445,1.8777e+017,1.8945e+017
1.446,1.8632e+017,1.8795e+017
1.447,1.851e+017,1.8668e+017
1.448,1.8355e+017,1.8508e+017
1.449,1.8222e+017,1.8372e+017
1.45,1.8058e+017,1.8203e+017
1.451,1.7917e+017,1.8058e+017
1.452,1.7744e+017,1.788e+017
1.453,1.7594e+017,1.7727e+017
1.454,1.7414e+017,1.7542e+017
1.455,1.7256e+017,1.7381e+017
1.456,1.7069e+017,1.719e+017
1.457,1.6905e+017,1.7022e+017
1.458,1.6712e+017,1.6825e+017
1.459,1.6541e+017,1.6651e+017
1.46,1.6343e+017,1.6449e+017
1.461,1.6167e+017,1.6271e+017
1.462,1.5965e+017,1.6065e+017
1.463,1.5785e+017,1.5882e+017
1.464,1.5579e+017,1.5673e+017
1.465,1.5395e+017,1.5486e+017
1.466,1.5186e+017,1.5274e+017
1.467,1.4999e+017,1.5085e+017
1.468,1.4788e+017,1.4871e+017
1.469,1.4599e+017,1.468e+017
1.47,1.4387e+017,1.4465e+017
1.471,1.4196e+017,1.4272e+017
1.472,1.3984e+017,1.4057e+017
1.473,1.3792e+017,1.3863e+017
1.474,1.3579e+017,1.3648e+017
1.475,1.3387e+017,1.3454e+017
1.476,1.3175e+017,1.3239e+017
1.477,1.2983e+017,1.3045e+017
1.478,1.2771e+017,1.2832e+017
1.479,1.2565e+017,1.2623e+017
1.48,1.237e+017,1.2427e+017
1.481,1.2165e+017,1.222e+017
1.482,1.1972e+017,1.2025e+017
1.483,1.1769e+017,1.182e+017
1.484,1.1577e+017,1.1627e+017
1.485,1.1377e+017,1.1425e+017
1.486,1.1188e+017,1.1234e+017
1.487,1.099e+017,1.1035e+017
1.488,1.0803e+017,1.0847e+017
1.489,1.0608e+017,1.065e+017
1.49,1.0424e+017,1.0465e+017
1.491,1.0233e+017,1.0272e+017
1.492,1.0052e+017,1.009e+017
1.493,9.8642e+016,9.901e+016
1.494,9.6867e+016,9.7225e+016
1.495,9.5025e+016,9.5369e+016
1.496,9.3286e+016,9.3621e+016
1.497,9.1483e+016,9.1806e+016
1.498,8.9782e+016,9.0095e+016
1.499,8.8019e+016,8.8321e+016
1.5,8.6356e+016,8.665e+016
1.501,8.4636e+016,8.4919e+016
1.502,8.3013e+016,8.3288e+016
1.503,8.1336e+016,8.16e+016
1.504,7.9754e+016,8.0011e+016
1.505,7.8121e+016,7.8368e+016
1.506,7.6581e+016,7.6821e+016
1.507,7.4992e+016,7.5224e+016
1.508,7.3494e+016,7.3719e+016
1.509,7.1951e+016,7.2167e+016
1.51,7.0495e+016,7.0705e+016
1.511,6.8997e+016,6.9199e+016
1.512,6.7584e+016,6.7781e+016
1.513,6.6132e+016,6.6321e+016
1.514,6.4762e+016,6.4946e+016
1.515,6.3355e+016,6.3531e+016
1.516,6.2028e+016,6.2199e+016
1.517,6.0665e+016,6.0831e+016
1.518,5.9381e+016,5.9542e+016
1.519,5.8064e+016,5.8218e+016
1.52,5.6781e+016,5.6929e+016
1.521,5.5549e+016,5.5693e+016
1.522,5.4309e+016,5.4448e+016
1.523,5.3119e+016,5.3254e+016
1.524,5.1923e+016,5.2053e+016
1.525,5.0775e+016,5.0901e+016
1.526,4.9621e+016,4.9742e+016
1.527,4.8514e+016,4.8632e+016
1.528,4.7401e+016,4.7515e+016
1.529,4.6335e+016,4.6445e+016
1.53,4.5263e+016,4.5369e+016
1.531,4.4236e+016,4.4339e+016
1.532,4.3205e+016,4.3304e+016
1.533,4.2217e+016,4.2313e+016
1.534,4.1225e+016,4.1317e+016
1.535,4.0275e+016,4.0364e+016
1.536,3.9321e+016,3.9407e+016
1.537,3.8408e+016,3.8491e+016
1.538,3.7491e+016,3.7572e+016
1.539,3.6614e+016,3.6693e+016
1.54,3.5734e+016,3.5809e+016
1.541,3.4893e+016,3.4966e+016
1.542,3.4048e+016,3.4118e+016
1.543,3.3241e+016,3.3309e+016
1.544,3.243e+016,3.2496e+016
1.545,3.1656e+016,3.172e+016
1.546,3.088e+016,3.0941e+016
1.547,3.0138e+016,3.0197e+016
1.548,2.9394e+016,2.9451e+016
1.549,2.8683e+016,2.8739e+016
1.55,2.7971e+016,2.8024e+016
1.551,2.7291e+016,2.7342e+016
1.552,2.6609e+016,2.6658e+016
1.553,2.5958e+016,2.6006e+016
1.554,2.5305e+016,2.5352e+016
1.555,2.4682e+016,2.4728e+016
1.556,2.4059e+016,2.4102e+016
1.557,2.3463e+016,2.3505e+016
1.558,2.2867e+016,2.2907e+016
1.559,2.2298e+016,2.2337e+016
1.56,2.1728e+016,2.1766e+016
1.561,2.1185e+016,2.1222e+016
1.562,2.0641e+016,2.0676e+016
1.563,2.0112e+016,2.0146e+016
1.564,1.9602e+016,1.9635e+016
1.565,1.9098e+016,1.9129e+016
1.566,1.8611e+016,1.8642e+016
1.567,1.813e+016,1.8159e+016
1.568,1.7666e+016,1.7695e+016
1.569,1.7207e+016,1.7234e+016
1.57,1.6764e+016,1.6791e+016
1.571,1.6327e+016,1.6352e+016
1.572,1.5905e+016,1.593e+016
1.573,1.5488e+016,1.5512e+016
1.574,1.5086e+016,1.5109e+016
1.575,1.4688e+016,1.4711e+016
1.576,1.4306e+016,1.4328e+016
1.577,1.3927e+016,1.3948e+016
1.578,1.3563e+016,1.3583e+016
1.579,1.3202e+016,1.3222e+016
1.58,1.2856e+016,1.2875e+016
1.581,1.2513e+016,1.2531e+016
1.582,1.2183e+016,1.22e+016
1.583,1.1856e+016,1.1873e+016
1.584,1.1542e+016,1.1559e+016
1.585,1.1232e+016,1.1248e+016
1.586,1.0934e+016,1.0949e+016
1.587,1.0638e+016,1.0653e+016
1.588,1.0355e+016,1.0369e+016
1.589,1.0074e+016,1.0087e+016
1.59,9.8042e+015,9.8175e+015
1.591,9.5373e+015,9.5501e+015
1.592,9.2812e+015,9.2936e+015
1.593,9.0276e+015,9.0396e+015
1.594,8.7844e+015,8.796e+015
1.595,8.5436e+015,8.5547e+015
1.596,8.3126e+015,8.3234e+015
1.597,8.0839e+015,8.0943e+015
1.598,7.8647e+015,7.8748e+015
1.599,7.6476e+015,7.6572e+015
1.6,7.4395e+015,7.4489e+015
1.601,7.2334e+015,7.2425e+015
1.602,7.036e+015,7.0447e+015
1.603,6.8405e+015,6.8489e+015
1.604,6.6532e+015,6.6613e+015
1.605,6.4677e+015,6.4756e+015
1.606,6.2878e+015,6.2953e+015
1.607,6.1142e+015,6.1215e+015
1.608,5.9436e+015,5.9506e+015
1.609,5.779e+015,5.7859e+015
1.61,5.6173e+015,5.6238e+015
1.611,5.4613e+015,5.4677e+015
1.612,5.308e+015,5.3141e+015
1.613,5.1602e+015,5.1661e+015
1.614,5.0149e+015,5.0206e+015
1.615,4.8749e+015,4.8804e+015
1.616,4.7372e+015,4.7425e+015
1.617,4.6046e+015,4.6098e+015
1.618,4.4742e+015,4.4792e+015
1.619,4.3487e+015,4.3534e+015
1.62,4.2252e+015,4.2298e+015
1.621,4.1063e+015,4.1107e+015
1.622,3.9894e+015,3.9936e+015
1.623,3.8768e+015,3.881e+015
1.624,3.7661e+015,3.7701e+015
1.625,3.6596e+015,3.6635e+015
1.626,3.5549e+015,3.5586e+015
1.627,3.4541e+015,3.4577e+015
1.628,3.355e+015,3.3584e+015
1.629,3.2596e+015,3.263e+015
1.63,3.1659e+015,3.1691e+015
1.631,3.0757e+015,3.0788e+015
1.632,2.987e+015,2.99e+015
1.633,2.9017e+015,2.9046e+015
1.634,2.8178e+015,2.8206e+015
1.635,2.7372e+015,2.7399e+015
1.636,2.6579e+015,2.6605e+015
1.637,2.5817e+015,2.5842e+015
1.638,2.5067e+015,2.5091e+015
1.639,2.4346e+015,2.437e+015
1.64,2.3638e+015,2.366e+015
1.641,2.2957e+015,2.2979e+015
1.642,2.2287e+015,2.2308e+015
1.643,2.1644e+015,2.1664e+015
1.644,2.1011e+015,2.103e+015
1.645,2.0403e+015,2.0422e+015
1.646,1.9805e+015,1.9823e+015
1.647,1.9226e+015,1.9243e+015
1.648,1.8666e+015,1.8683e+015
1.649,1.8119e+015,1.8135e+015
1.65,1.7591e+015,1.7607e+015
1.651,1.7074e+015,1.7089e+015
1.652,1.6575e+015,1.659e+015
1.653,1.6087e+015,1.6102e+015
1.654,1.5617e+015,1.563e+015
1.655,1.5156e+015,1.5169e+015
1.656,1.4712e+015,1.4724e+015
1.657,1.4277e+015,1.4289e+015
1.658,1.3857e+015,1.3869e+015
1.659,1.3447e+015,1.3458e+015
1.66,1.3051e+015,1.3062e+015
1.661,1.2664e+015,1.2675e+015
1.662,1.2291e+015,1.2301e+015
1.663,1.1925e+015,1.1935e+015
1.664,1.1573e+015,1.1583e+015
1.665,1.1228e+015,1.1238e+015
1.666,1.0896e+015,1.0905e+015
1.667,1.0571e+015,1.058e+015
1.668,1.0258e+015,1.0266e+015
1.669,9.9512e+014,9.9592e+014
1.67,9.6559e+014,9.6636e+014
1.671,9.3667e+014,9.3741e+014
1.672,9.0882e+014,9.0955e+014
1.673,8.8155e+014,8.8225e+014
1.674,8.553e+014,8.5598e+014
1.675,8.296e+014,8.3025e+014
1.676,8.0486e+014,8.0548e+014
1.677,7.8063e+014,7.8123e+014
1.678,7.5731e+014,7.5789e+014
1.679,7.3447e+014,7.3503e+014
1.68,7.125e+014,7.1304e+014
1.681,6.9097e+014,6.915e+014
1.682,6.7027e+014,6.7078e+014
1.683,6.4999e+014,6.5048e+014
1.684,6.3049e+014,6.3096e+014
1.685,6.1138e+014,6.1183e+014
1.686,5.9301e+014,5.9345e+014
1.687,5.7501e+014,5.7543e+014
1.688,5.577e+014,5.5811e+014
1.689,5.4075e+014,5.4114e+014
1.69,5.2433e+014,5.2471e+014
1.691,5.0848e+014,5.0885e+014
1.692,4.9302e+014,4.9337e+014
1.693,4.781e+014,4.7844e+014
1.694,4.6354e+014,4.6386e+014
1.695,4.4949e+014,4.4981e+014
1.696,4.3578e+014,4.3608e+014
1.697,4.2255e+014,4.2285e+014
1.698,4.0965e+014,4.0993e+014
1.699,3.972e+014,3.9747e+014
1.7,3.8505e+014,3.8531e+014
1.701,3.7333e+014,3.7359e+014
1.702,3.6189e+014,3.6214e+014
1.703,3.5087e+014,3.511e+014
1.704,3.401e+014,3.4033e+014
1.705,3.2973e+014,3.2995e+014
1.706,3.196e+014,3.1981e+014
1.707,3.0984e+014,3.1004e+014
1.708,3.003e+014,3.005e+014
1.709,2.9112e+014,2.9131e+014
1.71,2.8215e+014,2.8234e+014
1.711,2.7351e+014,2.7369e+014
1.712,2.6508e+014,2.6525e+014
1.713,2.5695e+014,2.5711e+014
1.714,2.4901e+014,2.4917e+014
1.715,2.4137e+014,2.4152e+014
1.716,2.339e+014,2.3405e+014
1.717,2.2671e+014,2.2686e+014
1.718,2.1969e+014,2.1983e+014
1.719,2.1293e+014,2.1307e+014
1.72,2.0633e+014,2.0646e+014
1.721,1.9998e+014,2.001e+014
1.722,1.9377e+014,1.9389e+014
1.723,1.8779e+014,1.8791e+014
1.724,1.8195e+014,1.8207e+014
1.725,1.7634e+014,1.7644e+014
1.726,1.7085e+014,1.7095e+014
1.727,1.6557e+014,1.6567e+014
1.728,1.6041e+014,1.6051e+014
1.729,1.5545e+014,1.5554e+014
1.73,1.506e+014,1.5069e+014
1.731,1.459e+014,1.4599e+014
1.732,1.4137e+014,1.4146e+014
1.733,1.3696e+014,1.3704e+014
1.734,1.3271e+014,1.3278e+014
1.735,1.2856e+014,1.2864e+014
1.736,1.2456e+014,1.2463e+014
1.737,1.2067e+014,1.2074e+014
1.738,1.1691e+014,1.1698e+014
1.739,1.1325e+014,1.1331e+014
1.74,1.0972e+014,1.0978e+014
1.741,1.0628e+014,1.0634e+014
1.742,1.0296e+014,1.0302e+014
1.743,9.9732e+013,9.9788e+013
1.744,9.6616e+013,9.667e+013
1.745,9.3582e+013,9.3634e+013
1.746,9.0655e+013,9.0705e+013
1.747,8.7805e+013,8.7853e+013
1.748,8.5056e+013,8.5103e+013
1.749,8.2379e+013,8.2424e+013
1.75,7.9798e+013,7.9842e+013
1.751,7.7284e+013,7.7325e+013
1.752,7.486e+013,7.49e+013
1.753,7.2499e+013,7.2538e+013
1.754,7.0223e+013,7.0261e+013
1.755,6.8006e+013,6.8042e+013
1.756,6.5869e+013,6.5904e+013
1.757,6.3787e+013,6.3821e+013
1.758,6.1781e+013,6.1814e+013
1.759,5.9826e+013,5.9858e+013
1.76,5.7943e+013,5.7973e+013
1.761,5.6108e+013,5.6137e+013
1.762,5.434e+013,5.4368e+013
1.763,5.2618e+013,5.2645e+013
1.764,5.0958e+013,5.0985e+013
1.765,4.9341e+013,4.9367e+013
1.766,4.7784e+013,4.7809e+013
1.767,4.6266e+013,4.629e+013
1.768,4.4805e+013,4.4828e+013
1.769,4.338e+013,4.3402e+013
1.77,4.2009e+013,4.203e+013
1.771,4.0672e+013,4.0692e+013
1.772,3.9385e+013,3.9405e+013
1.773,3.8131e+013,3.8149e+013
1.774,3.6917e+013,3.6935e+013
1.775,3.5746e+013,3.5763e+013
1.776,3.4607e+013,3.4624e+013
1.777,3.3508e+013,3.3525e+013
1.778,3.244e+013,3.2456e+013
1.779,3.1409e+013,3.1424e+013
1.78,3.0407e+013,3.0421e+013
1.781,2.944e+013,2.9454e+013
1.782,2.85e+013,2.8513e+013
1.783,2.7592e+013,2.7606e+013
1.784,2.671e+013,2.6723e+013
1.785,2.5859e+013,2.5872e+013
1.786,2.5032e+013,2.5044e+013
1.787,2.4234e+013,2.4245e+013
1.788,2.3458e+013,2.3469e+013
1.789,2.271e+013,2.272e+013
1.79,2.1982e+013,2.1992e+013
1.791,2.128e+013,2.129e+013
1.792,2.0597e+013,2.0607e+013
1.793,1.9939e+013,1.9948e+013
1.794,1.9299e+013,1.9308e+013
1.795,1.8682e+013,1.869e+013
1.796,1.8082e+013,1.809e+013
1.797,1.7503e+013,1.7511e+013
1.798,1.694e+013,1.6948e+013
1.799,1.6398e+013,1.6405e+013
1.8,1.587e+013,1.5877e+013
1.801,1.5361e+013,1.5368e+013
1.802,1.4867e+013,1.4873e+013
1.803,1.439e+013,1.4396e+013
1.804,1.3926e+013,1.3932e+013
1.805,1.3479e+013,1.3485e+013
1.806,1.3044e+013,1.305e+013
1.807,1.2625e+013,1.2631e+013
1.808,1.2218e+013,1.2223e+013
1.809,1.1825e+013,1.183e+013
1.81,1.1443e+013,1.1448e+013
1.811,1.1075e+013,1.108e+013
1.812,1.0717e+013,1.0722e+013
1.813,1.0372e+013,1.0377e+013
1.814,1.0036e+013,1.0041e+013
1.815,9.712e+012,9.7161e+012
1.816,9.3988e+012,9.4027e+012
1.817,9.0946e+012,9.0984e+012
1.818,8.8011e+012,8.8048e+012
1.819,8.5161e+012,8.5196e+012
1.82,8.2411e+012,8.2445e+012
1.821,7.974e+012,7.9773e+012
1.822,7.7164e+012,7.7195e+012
1.823,7.4661e+012,7.4692e+012
1.824,7.2247e+012,7.2276e+012
1.825,6.9902e+012,6.9931e+012
1.826,6.7641e+012,6.7668e+012
1.827,6.5444e+012,6.547e+012
1.828,6.3325e+012,6.3351e+012
1.829,6.1267e+012,6.1292e+012
1.83,5.9282e+012,5.9306e+012
1.831,5.7354e+012,5.7377e+012
1.832,5.5495e+012,5.5517e+012
1.833,5.3689e+012,5.371e+012
1.834,5.1947e+012,5.1968e+012
1.835,5.0256e+012,5.0275e+012
1.836,4.8625e+012,4.8644e+012
1.837,4.704e+012,4.7058e+012
1.838,4.5512e+012,4.553e+012
1.839,4.4028e+012,4.4045e+012
1.84,4.2597e+012,4.2614e+012
1.841,4.1207e+012,4.1223e+012
1.842,3.9867e+012,3.9883e+012
1.843,3.8566e+012,3.858e+012
1.844,3.7311e+012,3.7325e+012
1.845,3.6092e+012,3.6105e+012
1.846,3.4917e+012,3.493e+012
1.847,3.3775e+012,3.3788e+012
1.848,3.2675e+012,3.2687e+012
1.849,3.1606e+012,3.1618e+012
1.85,3.0576e+012,3.0587e+012
1.851,2.9575e+012,2.9586e+012
1.852,2.8611e+012,2.8621e+012
1.853,2.7673e+012,2.7684e+012
1.854,2.677e+012,2.678e+012
1.855,2.5893e+012,2.5902e+012
1.856,2.5048e+012,2.5057e+012
1.857,2.4226e+012,2.4235e+012
1.858,2.3432e+012,2.3441e+012
1.859,2.2666e+012,2.2674e+012
1.86,2.1922e+012,2.193e+012
1.861,2.1205e+012,2.1213e+012
1.862,2.0509e+012,2.0516e+012
1.863,1.9838e+012,1.9845e+012
1.864,1.9186e+012,1.9193e+012
1.865,1.8558e+012,1.8564e+012
1.866,1.7948e+012,1.7954e+012
1.867,1.736e+012,1.7366e+012
1.868,1.6789e+012,1.6795e+012
1.869,1.6238e+012,1.6244e+012
1.87,1.5704e+012,1.571e+012
1.871,1.5189e+012,1.5194e+012
1.872,1.4689e+012,1.4694e+012
1.873,1.4207e+012,1.4212e+012
1.874,1.3739e+012,1.3744e+012
1.875,1.3288e+012,1.3292e+012
1.876,1.285e+012,1.2854e+012
1.877,1.2428e+012,1.2432e+012
1.878,1.2018e+012,1.2022e+012
1.879,1.1623e+012,1.1627e+012
1.88,1.1239e+012,1.1243e+012
1.881,1.087e+012,1.0873e+012
1.882,1.0511e+012,1.0514e+012
1.883,1.0165e+012,1.0168e+012
1.884,9.8292e+011,9.8324e+011
1.885,9.5055e+011,9.5087e+011
1.886,9.1914e+011,9.1945e+011
1.887,8.8886e+011,8.8916e+011
1.888,8.5948e+011,8.5976e+011
1.889,8.3115e+011,8.3142e+011
1.89,8.0365e+011,8.0392e+011
1.891,7.7716e+011,7.7741e+011
1.892,7.5143e+011,7.5168e+011
1.893,7.2664e+011,7.2688e+011
1.894,7.0258e+011,7.0281e+011
1.895,6.7939e+011,6.7961e+011
1.896,6.5688e+011,6.5709e+011
1.897,6.3519e+011,6.354e+011
1.898,6.1413e+011,6.1433e+011
1.899,5.9379e+011,5.9397e+011
1.9,5.7415e+011,5.7433e+011
1.901,5.5512e+011,5.5529e+011
1.902,5.3675e+011,5.3692e+011
1.903,5.1895e+011,5.1911e+011
1.904,5.0177e+011,5.0193e+011
1.905,4.8512e+011,4.8527e+011
1.906,4.6905e+011,4.692e+011
1.907,4.5348e+011,4.5362e+011
1.908,4.3846e+011,4.3859e+011
1.909,4.2389e+011,4.2402e+011
1.91,4.0984e+011,4.0997e+011
1.911,3.9622e+011,3.9634e+011
1.912,3.8308e+011,3.832e+011
1.913,3.7035e+011,3.7046e+011
1.914,3.5806e+011,3.5817e+011
1.915,3.4615e+011,3.4625e+011
1.916,3.3466e+011,3.3476e+011
1.917,3.2352e+011,3.2362e+011
1.918,3.1278e+011,3.1288e+011
1.919,3.0237e+011,3.0246e+011
1.92,2.9232e+011,2.9241e+011
1.921,2.8258e+011,2.8267e+011
1.922,2.7319e+011,2.7327e+011
1.923,2.6409e+011,2.6417e+011
1.924,2.5531e+011,2.5538e+011
1.925,2.4679e+011,2.4687e+011
1.926,2.3859e+011,2.3866e+011
1.927,2.3063e+011,2.3069e+011
1.928,2.2295e+011,2.2302e+011
1.929,2.1551e+011,2.1557e+011
1.93,2.0834e+011,2.084e+011
1.931,2.0138e+011,2.0144e+011
1.932,1.9468e+011,1.9473e+011
1.933,1.8817e+011,1.8823e+011
1.934,1.819e+011,1.8196e+011
1.935,1.7582e+011,1.7587e+011
1.936,1.6996e+011,1.7001e+011
1.937,1.6428e+011,1.6433e+011
1.938,1.588e+011,1.5885e+011
1.939,1.5349e+011,1.5353e+011
1.94,1.4837e+011,1.4841e+011
1.941,1.4341e+011,1.4345e+011
1.942,1.3861e+011,1.3865e+011
1.943,1.3398e+011,1.3402e+011
1.944,1.295e+011,1.2953e+011
1.945,1.2517e+011,1.252e+011
1.946,1.2098e+011,1.2101e+011
1.947,1.1694e+011,1.1697e+011
1.948,1.1302e+011,1.1305e+011
1.949,1.0924e+011,1.0927e+011
1.95,1.0558e+011,1.0561e+011
1.951,1.0205e+011,1.0208e+011
1.952,9.8626e+010,9.8653e+010
1.953,9.5326e+010,9.5353e+010
1.954,9.2129e+010,9.2154e+010
1.955,8.9045e+010,8.907e+010
1.956,8.6058e+010,8.6081e+010
1.957,8.3176e+010,8.3199e+010
1.958,8.0384e+010,8.0406e+010
1.959,7.7691e+010,7.7712e+010
1.96,7.5082e+010,7.5102e+010
1.961,7.2566e+010,7.2586e+010
1.962,7.0129e+010,7.0147e+010
1.963,6.7778e+010,6.7796e+010
1.964,6.55e+010,6.5517e+010
1.965,6.3303e+010,6.332e+010
1.966,6.1175e+010,6.1191e+010
1.967,5.9123e+010,5.9138e+010
1.968,5.7134e+010,5.7149e+010
1.969,5.5217e+010,5.5231e+010
1.97,5.3359e+010,5.3373e+010
1.971,5.1568e+010,5.1581e+010
1.972,4.9832e+010,4.9845e+010
1.973,4.8158e+010,4.8171e+010
1.974,4.6536e+010,4.6548e+010
1.975,4.4973e+010,4.4985e+010
1.976,4.3458e+010,4.3469e+010
1.977,4.1998e+010,4.2009e+010
1.978,4.0582e+010,4.0593e+010
1.979,3.9218e+010,3.9228e+010
1.98,3.7896e+010,3.7905e+010
1.981,3.6621e+010,3.6631e+010
1.982,3.5386e+010,3.5395e+010
1.983,3.4196e+010,3.4205e+010
1.984,3.3042e+010,3.305e+010
1.985,3.1928e+010,3.1936e+010
1.986,3.0852e+010,3.086e+010
1.987,2.9811e+010,2.9819e+010
1.988,2.8807e+010,2.8814e+010
1.989,2.7835e+010,2.7842e+010
1.99,2.6897e+010,2.6903e+010
1.991,2.5989e+010,2.5995e+010
1.992,2.5112e+010,2.5119e+010
1.993,2.4264e+010,2.427e+010
1.994,2.3446e+010,2.3452e+010
1.995,2.2654e+010,2.2659e+010
1.996,2.189e+010,2.1895e+010
1.997,2.115e+010,2.1155e+010
1.998,2.0436e+010,2.0441e+010
1.999,1.9745e+010,1.975e+010
2,1.9078e+010,1.9083e+010
