0,0,-0
0.001,4.013e-107,-7.6743e-109
0.002,1.9587e-106,-4.1317e-108
0.003,5.3691e-106,-2.1658e-107
0.004,1.1647e-105,-4.9309e-107
0.005,2.2171e-105,-1.368e-106
0.006,3.8957e-105,-2.4826e-106
0.007,6.46e-105,-5.3757e-106
0.008,1.0296e-104,-8.7788e-106
0.009,1.5874e-104,-1.6649e-105
0.01,2.3914e-104,-2.5579e-105
0.011,3.5251e-104,-4.4663e-105
0.012,5.119e-104,-6.5937e-105
0.013,7.319e-104,-1.0881e-104
0.014,1.0357e-103,-1.562e-104
0.015,1.4485e-103,-2.474e-104
0.016,2.011e-103,-3.4783e-104
0.017,2.7657e-103,-5.3401e-104
0.018,3.7834e-103,-7.3881e-104
0.019,5.1354e-103,-1.1068e-103
0.02,6.9431e-103,-1.5119e-103
0.021,9.3253e-103,-2.2206e-103
0.022,1.2488e-102,-3.0019e-103
0.023,1.6628e-102,-4.3381e-103
0.024,2.2092e-102,-5.814e-103
0.025,2.9202e-102,-8.288e-103
0.026,3.8539e-102,-1.1027e-102
0.027,5.063e-102,-1.5539e-102
0.028,6.6439e-102,-2.0546e-102
0.029,8.682e-102,-2.8664e-102
0.03,1.1337e-101,-3.7698e-102
0.031,1.4746e-101,-5.214e-102
0.032,1.9173e-101,-6.8252e-102
0.033,2.4839e-101,-9.3682e-102
0.034,3.2172e-101,-1.2212e-101
0.035,4.1531e-101,-1.665e-101
0.036,5.3612e-101,-2.1626e-101
0.037,6.8986e-101,-2.9309e-101
0.038,8.8788e-101,-3.7942e-101
0.039,1.1392e-100,-5.1145e-101
0.04,1.4623e-100,-6.6017e-101
0.041,1.8714e-100,-8.8559e-101
0.042,2.3962e-100,-1.1401e-100
0.043,3.0596e-100,-1.5226e-100
0.044,3.9023e-100,-2.0279e-100
0.045,4.9803e-100,-2.6011e-100
0.046,6.3392e-100,-3.4513e-100
0.047,8.0749e-100,-4.4176e-100
0.048,1.0259e-099,-5.8413e-100
0.049,1.3045e-099,-7.4623e-100
0.05,1.6545e-099,-9.836e-100
0.051,2.1003e-099,-1.2543e-099
0.052,2.6596e-099,-1.6485e-099
0.053,3.3712e-099,-2.0988e-099
0.054,4.2628e-099,-2.7508e-099
0.055,5.3957e-099,-3.4969e-099
0.056,6.8135e-099,-4.5718e-099
0.057,8.6131e-099,-5.8035e-099
0.058,1.0862e-098,-7.5696e-099
0.059,1.3715e-098,-9.5963e-099
0.06,1.7276e-098,-1.2489e-098
0.061,2.1788e-098,-1.5814e-098
0.062,2.7416e-098,-2.0539e-098
0.063,3.4539e-098,-2.5976e-098
0.064,4.3416e-098,-3.3673e-098
0.065,5.4642e-098,-4.254e-098
0.066,6.8617e-098,-5.5046e-098
0.067,8.6279e-098,-6.9471e-098
0.068,1.0825e-097,-8.9742e-098
0.069,1.3599e-097,-1.1315e-097
0.07,1.7047e-097,-1.4593e-097
0.071,2.1398e-097,-1.8383e-097
0.072,2.6802e-097,-2.3673e-097
0.073,3.3616e-097,-2.9796e-097
0.074,4.2073e-097,-3.8315e-097
0.075,5.2731e-097,-4.8186e-097
0.076,6.5948e-097,-6.1879e-097
0.077,8.2596e-097,-7.776e-097
0.078,1.0323e-096,-9.973e-097
0.079,1.292e-096,-1.2523e-096
0.08,1.6136e-096,-1.6042e-096
0.081,2.0184e-096,-2.013e-096
0.082,2.5192e-096,-2.5756e-096
0.083,3.1492e-096,-3.2299e-096
0.084,3.9284e-096,-4.128e-096
0.085,4.8989e-096,-5.2718e-096
0.086,6.1187e-096,-6.6048e-096
0.087,7.6261e-096,-8.4262e-096
0.088,9.5198e-096,-1.0551e-095
0.089,1.1859e-095,-1.3447e-095
0.09,1.4796e-095,-1.6828e-095
0.091,1.8422e-095,-2.1428e-095
0.092,2.2973e-095,-2.68e-095
0.093,2.8589e-095,-3.4096e-095
0.094,3.5635e-095,-4.2622e-095
0.095,4.4326e-095,-5.4179e-095
0.096,5.5226e-095,-6.7694e-095
0.097,6.8663e-095,-8.5978e-095
0.098,8.5511e-095,-1.0737e-094
0.099,1.0627e-094,-1.3627e-094
0.1,1.3229e-094,-1.701e-094
0.101,1.6434e-094,-2.1571e-094
0.102,2.045e-094,-2.6915e-094
0.103,2.5394e-094,-3.4106e-094
0.104,3.1587e-094,-4.2538e-094
0.105,3.9208e-094,-5.3866e-094
0.106,4.8752e-094,-6.7155e-094
0.107,6.0493e-094,-8.4981e-094
0.108,7.5191e-094,-1.059e-093
0.109,9.3266e-094,-1.3393e-093
0.11,1.1589e-093,-1.6684e-093
0.111,1.4369e-093,-2.1086e-093
0.112,1.7849e-093,-2.6257e-093
0.113,2.2124e-093,-3.3165e-093
0.114,2.7472e-093,-4.1285e-093
0.115,3.4042e-093,-5.2114e-093
0.116,4.2258e-093,-6.4851e-093
0.117,5.2348e-093,-8.1817e-093
0.118,6.4962e-093,-1.0178e-092
0.119,8.0448e-093,-1.2833e-092
0.12,9.9806e-093,-1.5959e-092
0.121,1.2356e-092,-2.0113e-092
0.122,1.5325e-092,-2.5004e-092
0.123,1.8967e-092,-3.1495e-092
0.124,2.3518e-092,-3.9142e-092
0.125,2.91e-092,-4.9279e-092
0.126,3.6072e-092,-6.1226e-092
0.127,4.4621e-092,-7.7045e-092
0.128,5.5189e-092,-9.691e-092
0.129,6.8387e-092,-1.2036e-091
0.13,8.4561e-092,-1.5133e-091
0.131,1.0476e-091,-1.8789e-091
0.132,1.295e-091,-2.3613e-091
0.133,1.604e-091,-2.931e-091
0.134,1.9823e-091,-3.6821e-091
0.135,2.4547e-091,-4.5692e-091
0.136,3.033e-091,-5.7376e-091
0.137,3.7549e-091,-7.1181e-091
0.138,4.6385e-091,-8.9348e-091
0.139,5.7412e-091,-1.1082e-090
0.14,7.0907e-091,-1.3904e-090
0.141,8.7745e-091,-1.7242e-090
0.142,1.0835e-090,-2.1625e-090
0.143,1.3405e-090,-2.6808e-090
0.144,1.6549e-090,-3.3611e-090
0.145,2.047e-090,-4.1659e-090
0.146,2.5266e-090,-5.2211e-090
0.147,3.1247e-090,-6.4697e-090
0.148,3.856e-090,-8.1056e-090
0.149,4.7679e-090,-1.0042e-089
0.15,5.8826e-090,-1.2577e-089
0.151,7.2724e-090,-1.5577e-089
0.152,8.9709e-090,-1.9503e-089
0.153,1.1088e-089,-2.4151e-089
0.154,1.3676e-089,-3.0228e-089
0.155,1.6901e-089,-3.7424e-089
0.156,2.084e-089,-4.6825e-089
0.157,2.575e-089,-5.7962e-089
0.158,3.1747e-089,-7.2499e-089
0.159,3.922e-089,-8.9725e-089
0.16,4.8346e-089,-1.1219e-088
0.161,5.9717e-089,-1.3883e-088
0.162,7.3598e-089,-1.7354e-088
0.163,9.0894e-089,-2.1469e-088
0.164,1.12e-088,-2.683e-088
0.165,1.3831e-088,-3.3186e-088
0.166,1.704e-088,-4.1461e-088
0.167,2.1038e-088,-5.1274e-088
0.168,2.5916e-088,-6.4042e-088
0.169,3.1921e-088,-7.9956e-088
0.17,3.9402e-088,-9.8877e-088
0.171,4.8526e-088,-1.2341e-087
0.172,5.989e-088,-1.5259e-087
0.173,7.3747e-088,-1.9041e-087
0.174,9.1004e-088,-2.3535e-087
0.175,1.1204e-087,-2.9366e-087
0.176,1.3824e-087,-3.6291e-087
0.177,1.7018e-087,-4.5271e-087
0.178,2.0994e-087,-5.5938e-087
0.179,2.584e-087,-6.9763e-087
0.18,3.1874e-087,-8.6188e-087
0.181,3.9226e-087,-1.0746e-086
0.182,4.838e-087,-1.3275e-086
0.183,5.9531e-087,-1.6548e-086
0.184,7.3413e-087,-2.0438e-086
0.185,9.0321e-087,-2.5472e-086
0.186,1.1137e-086,-3.1455e-086
0.187,1.37e-086,-3.9194e-086
0.188,1.6891e-086,-4.8394e-086
0.189,2.0776e-086,-6.0288e-086
0.19,2.5611e-086,-7.443e-086
0.191,3.1497e-086,-9.2703e-086
0.192,3.8824e-086,-1.1443e-085
0.193,4.774e-086,-1.425e-085
0.194,5.8838e-086,-1.7588e-085
0.195,7.2343e-086,-2.1897e-085
0.196,8.915e-086,-2.7023e-085
0.197,1.096e-085,-3.3638e-085
0.198,1.3505e-085,-4.1508e-085
0.199,1.66e-085,-5.1658e-085
0.2,2.0452e-085,-6.3736e-085
0.201,2.5137e-085,-7.9307e-085
0.202,3.0967e-085,-9.7838e-085
0.203,3.8057e-085,-1.2172e-084
0.204,4.6878e-085,-1.5014e-084
0.205,5.7603e-085,-1.8676e-084
0.206,7.0948e-085,-2.3035e-084
0.207,8.717e-085,-2.8647e-084
0.208,1.0735e-084,-3.5329e-084
0.209,1.3189e-084,-4.393e-084
0.21,1.6241e-084,-5.4171e-084
0.211,1.995e-084,-6.7348e-084
0.212,2.4504e-084,-8.3698e-084
0.213,3.0171e-084,-1.0322e-083
0.214,3.7055e-084,-1.2826e-083
0.215,4.5619e-084,-1.5813e-083
0.216,5.6021e-084,-1.965e-083
0.217,6.8963e-084,-2.4224e-083
0.218,8.468e-084,-3.0097e-083
0.219,1.0423e-083,-3.7099e-083
0.22,1.2797e-083,-4.6087e-083
0.221,1.5751e-083,-5.6803e-083
0.222,1.9337e-083,-7.0555e-083
0.223,2.3797e-083,-8.6953e-083
0.224,2.9212e-083,-1.0799e-082
0.225,3.5947e-083,-1.3307e-082
0.226,4.4121e-083,-1.6524e-082
0.227,5.4289e-083,-2.0361e-082
0.228,6.6628e-083,-2.528e-082
0.229,8.1977e-083,-3.1147e-082
0.23,1.006e-082,-3.8666e-082
0.231,1.2376e-082,-4.7637e-082
0.232,1.5186e-082,-5.9129e-082
0.233,1.8681e-082,-7.284e-082
0.234,2.292e-082,-9.04e-082
0.235,2.8193e-082,-1.1135e-081
0.236,3.4588e-082,-1.3818e-081
0.237,4.2541e-082,-1.702e-081
0.238,5.2185e-082,-2.1118e-081
0.239,6.418e-082,-2.6009e-081
0.24,7.8721e-082,-3.2266e-081
0.241,9.6808e-082,-3.9737e-081
0.242,1.1873e-081,-4.9292e-081
0.243,1.46e-081,-6.0699e-081
0.244,1.7905e-081,-7.5285e-081
0.245,2.2015e-081,-9.2701e-081
0.246,2.6996e-081,-1.1497e-080
0.247,3.3191e-081,-1.4155e-080
0.248,4.0696e-081,-1.7553e-080
0.249,5.0031e-081,-2.161e-080
0.25,6.1339e-081,-2.6794e-080
0.251,7.5404e-081,-3.2986e-080
0.252,9.2439e-081,-4.0894e-080
0.253,1.1332e-080,-5.0681e-080
0.254,1.3928e-080,-6.2402e-080
0.255,1.7073e-080,-7.7329e-080
0.256,2.0984e-080,-9.5206e-080
0.257,2.5718e-080,-1.1797e-079
0.258,3.1607e-080,-1.452e-079
0.259,3.8736e-080,-1.7993e-079
0.26,4.7602e-080,-2.2145e-079
0.261,5.8333e-080,-2.744e-079
0.262,7.1681e-080,-3.377e-079
0.263,8.7833e-080,-4.1839e-079
0.264,1.0792e-079,-5.1488e-079
0.265,1.3223e-079,-6.3784e-079
0.266,1.6246e-079,-7.8489e-079
0.267,1.9904e-079,-9.7224e-079
0.268,2.4453e-079,-1.1963e-078
0.269,2.9956e-079,-1.4817e-078
0.27,3.68e-079,-1.8231e-078
0.271,4.5077e-079,-2.2579e-078
0.272,5.5373e-079,-2.7779e-078
0.273,6.7822e-079,-3.44e-078
0.274,8.3308e-079,-4.2322e-078
0.275,1.0203e-078,-5.2404e-078
0.276,1.2532e-078,-6.4467e-078
0.277,1.5346e-078,-7.9818e-078
0.278,1.8848e-078,-9.8186e-078
0.279,2.308e-078,-1.2155e-077
0.28,2.8344e-078,-1.4952e-077
0.281,3.4705e-078,-1.8509e-077
0.282,4.2619e-078,-2.2766e-077
0.283,5.2179e-078,-2.8179e-077
0.284,6.4073e-078,-3.4659e-077
0.285,7.844e-078,-4.2896e-077
0.286,9.6314e-078,-5.2757e-077
0.287,1.179e-077,-6.5291e-077
0.288,1.4476e-077,-8.0295e-077
0.289,1.7719e-077,-9.9362e-077
0.29,2.1754e-077,-1.2219e-076
0.291,2.6625e-077,-1.5119e-076
0.292,3.2687e-077,-1.8592e-076
0.293,4.0003e-077,-2.3003e-076
0.294,4.9107e-077,-2.8286e-076
0.295,6.0094e-077,-3.4994e-076
0.296,7.3536e-077,-4.3281e-076
0.297,9.0263e-077,-5.3228e-076
0.298,1.1044e-076,-6.5828e-076
0.299,1.3556e-076,-8.0937e-076
0.3,1.6586e-076,-1.0011e-075
0.301,2.0356e-076,-1.2308e-075
0.302,2.4903e-076,-1.5222e-075
0.303,3.0563e-076,-1.8714e-075
0.304,3.7388e-076,-2.3143e-075
0.305,4.5882e-076,-2.8451e-075
0.306,5.6123e-076,-3.5182e-075
0.307,6.887e-076,-4.3249e-075
0.308,8.4235e-076,-5.3477e-075
0.309,1.0336e-075,-6.5736e-075
0.31,1.2641e-075,-8.1275e-075
0.311,1.5511e-075,-9.9904e-075
0.312,1.8968e-075,-1.2351e-074
0.313,2.3273e-075,-1.5181e-074
0.314,2.8458e-075,-1.8767e-074
0.315,3.4914e-075,-2.3067e-074
0.316,4.2691e-075,-2.8513e-074
0.317,5.2373e-075,-3.5044e-074
0.318,6.4032e-075,-4.3316e-074
0.319,7.855e-075,-5.3235e-074
0.32,9.603e-075,-6.5796e-074
0.321,1.178e-074,-8.086e-074
0.322,1.44e-074,-9.9932e-074
0.323,1.7663e-074,-1.2281e-073
0.324,2.159e-074,-1.5176e-073
0.325,2.6481e-074,-1.8649e-073
0.326,3.2366e-074,-2.3045e-073
0.327,3.9696e-074,-2.8317e-073
0.328,4.8515e-074,-3.499e-073
0.329,5.9499e-074,-4.2994e-073
0.33,7.2711e-074,-5.3121e-073
0.331,8.9169e-074,-6.5269e-073
0.332,1.0896e-073,-8.0638e-073
0.333,1.3362e-073,-9.9077e-073
0.334,1.6326e-073,-1.224e-072
0.335,2.0019e-073,-1.5038e-072
0.336,2.4459e-073,-1.8577e-072
0.337,2.9881e-073,-2.2942e-072
0.338,3.6638e-073,-2.8191e-072
0.339,4.4757e-073,-3.4814e-072
0.34,5.4875e-073,-4.2778e-072
0.341,6.703e-073,-5.2824e-072
0.342,8.2179e-073,-6.4895e-072
0.343,1.0037e-072,-8.0144e-072
0.344,1.2305e-072,-9.8453e-072
0.345,1.5028e-072,-1.2158e-071
0.346,1.8423e-072,-1.4935e-071
0.347,2.2498e-072,-1.8443e-071
0.348,2.7578e-072,-2.2654e-071
0.349,3.3677e-072,-2.7973e-071
0.35,4.1279e-072,-3.436e-071
0.351,5.0402e-072,-4.2424e-071
0.352,6.1777e-072,-5.2109e-071
0.353,7.5424e-072,-6.4335e-071
0.354,9.2441e-072,-7.9019e-071
0.355,1.1285e-071,-9.7554e-071
0.356,1.3831e-071,-1.1982e-070
0.357,1.6884e-071,-1.4791e-070
0.358,2.0691e-071,-1.8166e-070
0.359,2.5255e-071,-2.2425e-070
0.36,3.0949e-071,-2.754e-070
0.361,3.7773e-071,-3.3994e-070
0.362,4.6286e-071,-4.1748e-070
0.363,5.6488e-071,-5.1529e-070
0.364,6.9215e-071,-6.328e-070
0.365,8.4464e-071,-7.8102e-070
0.366,1.0349e-070,-9.591e-070
0.367,1.2628e-070,-1.1837e-069
0.368,1.5471e-070,-1.4535e-069
0.369,1.8876e-070,-1.7938e-069
0.37,2.3126e-070,-2.2027e-069
0.371,2.8213e-070,-2.7182e-069
0.372,3.4563e-070,-3.3376e-069
0.373,4.2163e-070,-4.1185e-069
0.374,5.165e-070,-5.057e-069
0.375,6.3001e-070,-6.2399e-069
0.376,7.7172e-070,-7.6614e-069
0.377,9.4124e-070,-9.453e-069
0.378,1.1529e-069,-1.1606e-068
0.379,1.406e-069,-1.432e-068
0.38,1.7146e-069,-1.7664e-068
0.381,2.1e-069,-2.169e-068
0.382,2.5607e-069,-2.6754e-068
0.383,3.1362e-069,-3.2852e-068
0.384,3.8238e-069,-4.0519e-068
0.385,4.6828e-069,-4.9746e-068
0.386,5.709e-069,-6.1363e-068
0.387,6.9911e-069,-7.5333e-068
0.388,8.5224e-069,-9.2921e-068
0.389,1.0436e-068,-1.1407e-067
0.39,1.272e-068,-1.407e-067
0.391,1.5576e-068,-1.7272e-067
0.392,1.8984e-068,-2.1303e-067
0.393,2.3243e-068,-2.615e-067
0.394,2.8326e-068,-3.2251e-067
0.395,3.4681e-068,-3.9589e-067
0.396,4.226e-068,-4.8823e-067
0.397,5.1738e-068,-5.9931e-067
0.398,6.3039e-068,-7.3906e-067
0.399,7.7174e-068,-9.0717e-067
0.4,9.4021e-068,-1.1187e-066
0.401,1.151e-067,-1.3731e-066
0.402,1.4021e-067,-1.6931e-066
0.403,1.7162e-067,-2.0781e-066
0.404,2.0905e-067,-2.5624e-066
0.405,2.5588e-067,-3.145e-066
0.406,3.1164e-067,-3.8777e-066
0.407,3.8143e-067,-4.7593e-066
0.408,4.6451e-067,-5.8678e-066
0.409,5.6851e-067,-7.2016e-066
0.41,6.9225e-067,-8.8786e-066
0.411,8.4719e-067,-1.0897e-065
0.412,1.0315e-066,-1.3433e-065
0.413,1.2623e-066,-1.6486e-065
0.414,1.5367e-066,-2.0324e-065
0.415,1.8804e-066,-2.4941e-065
0.416,2.289e-066,-3.0746e-065
0.417,2.8008e-066,-3.7731e-065
0.418,3.409e-066,-4.651e-065
0.419,4.171e-066,-5.7075e-065
0.42,5.0761e-066,-7.0351e-065
0.421,6.2104e-066,-8.633e-065
0.422,7.5571e-066,-1.0641e-064
0.423,9.1951e-066,-1.3113e-064
0.424,1.1249e-065,-1.6093e-064
0.425,1.3685e-065,-1.9831e-064
0.426,1.6741e-065,-2.4335e-064
0.427,2.0365e-065,-2.999e-064
0.428,2.491e-065,-3.68e-064
0.429,3.0299e-065,-4.5351e-064
0.43,3.7059e-065,-5.5647e-064
0.431,4.507e-065,-6.8574e-064
0.432,5.5123e-065,-8.4141e-064
0.433,6.703e-065,-1.0368e-063
0.434,8.1977e-065,-1.2722e-063
0.435,9.967e-065,-1.5676e-063
0.436,1.2189e-064,-1.9234e-063
0.437,1.4818e-064,-2.3699e-063
0.438,1.812e-064,-2.9077e-063
0.439,2.2025e-064,-3.5826e-063
0.44,2.6931e-064,-4.3955e-063
0.441,3.273e-064,-5.4156e-063
0.442,4.0019e-064,-6.6443e-063
0.443,4.863e-064,-8.1859e-063
0.444,5.9456e-064,-1.0043e-062
0.445,7.2239e-064,-1.2373e-062
0.446,8.8315e-064,-1.5179e-062
0.447,1.0729e-063,-1.87e-062
0.448,1.3115e-063,-2.2941e-062
0.449,1.5931e-063,-2.8261e-062
0.45,1.9473e-063,-3.4669e-062
0.451,2.365e-063,-4.2708e-062
0.452,2.8907e-063,-5.2392e-062
0.453,3.5101e-063,-6.4537e-062
0.454,4.2901e-063,-7.9168e-062
0.455,5.2086e-063,-9.7517e-062
0.456,6.3655e-063,-1.1962e-061
0.457,7.7272e-063,-1.4734e-061
0.458,9.4429e-063,-1.8074e-061
0.459,1.1461e-062,-2.2262e-061
0.46,1.4005e-062,-2.7307e-061
0.461,1.6995e-062,-3.3633e-061
0.462,2.0766e-062,-4.1255e-061
0.463,2.5196e-062,-5.081e-061
0.464,3.0567e-062,-6.2567e-061
0.465,3.7344e-062,-7.6755e-061
0.466,4.5297e-062,-9.4512e-061
0.467,5.5336e-062,-1.1594e-060
0.468,6.711e-062,-1.4276e-060
0.469,8.1976e-062,-1.7511e-060
0.47,9.9401e-062,-2.1563e-060
0.471,1.2141e-061,-2.6448e-060
0.472,1.4719e-061,-3.2568e-060
0.473,1.7977e-061,-3.9945e-060
0.474,2.1791e-061,-4.9186e-060
0.475,2.6612e-061,-6.0326e-060
0.476,3.2251e-061,-7.428e-060
0.477,3.9383e-061,-9.1103e-060
0.478,4.772e-061,-1.1217e-059
0.479,5.8268e-061,-1.3757e-059
0.48,7.0589e-061,-1.6939e-059
0.481,8.6185e-061,-2.0774e-059
0.482,1.0439e-060,-2.5577e-059
0.483,1.2744e-060,-3.1367e-059
0.484,1.5433e-060,-3.8618e-059
0.485,1.884e-060,-4.7361e-059
0.486,2.2811e-060,-5.8307e-059
0.487,2.7844e-060,-7.1505e-059
0.488,3.3705e-060,-8.8029e-059
0.489,4.1138e-060,-1.0795e-058
0.49,4.9789e-060,-1.329e-058
0.491,6.0764e-060,-1.6297e-058
0.492,7.3526e-060,-2.0062e-058
0.493,8.9725e-060,-2.4602e-058
0.494,1.0855e-059,-3.0285e-058
0.495,1.3245e-059,-3.7137e-058
0.496,1.6021e-059,-4.5714e-058
0.497,1.9547e-059,-5.6057e-058
0.498,2.3638e-059,-6.9e-058
0.499,2.8839e-059,-8.461e-058
0.5,3.4868e-059,-1.0414e-057
0.501,4.2535e-059,-1.277e-057
0.502,5.1416e-059,-1.5718e-057
0.503,6.2716e-059,-1.9273e-057
0.504,7.5797e-059,-2.3722e-057
0.505,9.2447e-059,-2.9087e-057
0.506,1.1171e-058,-3.5799e-057
0.507,1.3496e-058,-4.4053e-057
0.508,1.6458e-058,-5.4023e-057
0.509,1.988e-058,-6.6477e-057
0.51,2.424e-058,-8.1511e-057
0.511,2.9275e-058,-1.0031e-056
0.512,3.5693e-058,-1.2299e-056
0.513,4.3098e-058,-1.5136e-056
0.514,5.2542e-058,-1.8558e-056
0.515,6.343e-058,-2.2837e-056
0.516,7.7324e-058,-2.8001e-056
0.517,9.333e-058,-3.4456e-056
0.518,1.1376e-057,-4.2245e-056
0.519,1.3729e-057,-5.1983e-056
0.52,1.6733e-057,-6.3734e-056
0.521,2.019e-057,-7.8424e-056
0.522,2.4606e-057,-9.615e-056
0.523,2.9684e-057,-1.1831e-055
0.524,3.6173e-057,-1.4505e-055
0.525,4.3632e-057,-1.7847e-055
0.526,5.3167e-057,-2.188e-055
0.527,6.412e-057,-2.6921e-055
0.528,7.8127e-057,-3.3004e-055
0.529,9.421e-057,-4.0607e-055
0.53,1.1478e-056,-4.9782e-055
0.531,1.3839e-056,-6.1248e-055
0.532,1.686e-056,-7.5087e-055
0.533,2.0326e-056,-9.2378e-055
0.534,2.4761e-056,-1.1325e-054
0.535,2.9848e-056,-1.3932e-054
0.536,3.6359e-056,-1.708e-054
0.537,4.3826e-056,-2.1012e-054
0.538,5.3382e-056,-2.5758e-054
0.539,6.4341e-056,-3.1688e-054
0.54,7.8367e-056,-3.8845e-054
0.541,9.445e-056,-4.7786e-054
0.542,1.1504e-055,-5.8579e-054
0.543,1.3864e-055,-7.206e-054
0.544,1.6885e-055,-8.8333e-054
0.545,2.035e-055,-1.0866e-053
0.546,2.4783e-055,-1.332e-053
0.547,2.9869e-055,-1.6384e-053
0.548,3.6e-055,-2.0151e-053
0.549,4.3841e-055,-2.4704e-053
0.55,5.2844e-055,-3.0383e-053
0.551,6.4353e-055,-3.7247e-053
0.552,7.7573e-055,-4.5808e-053
0.553,9.4467e-055,-5.615e-053
0.554,1.1388e-054,-6.9062e-053
0.555,1.3869e-054,-8.4653e-053
0.556,1.6722e-054,-1.0412e-052
0.557,2.0364e-054,-1.2762e-052
0.558,2.4556e-054,-1.5696e-052
0.559,2.9905e-054,-1.9239e-052
0.56,3.6067e-054,-2.3661e-052
0.561,4.3925e-054,-2.9002e-052
0.562,5.2987e-054,-3.5667e-052
0.563,6.4534e-054,-4.3717e-052
0.564,7.7862e-054,-5.3763e-052
0.565,9.4835e-054,-6.5897e-052
0.566,1.1445e-053,-8.1038e-052
0.567,1.394e-053,-9.9326e-052
0.568,1.6827e-053,-1.2215e-051
0.569,2.0498e-053,-1.4971e-051
0.57,2.475e-053,-1.841e-051
0.571,3.015e-053,-2.2564e-051
0.572,3.6415e-053,-2.7746e-051
0.573,4.4364e-053,-3.4006e-051
0.574,5.3598e-053,-4.1817e-051
0.575,6.5303e-053,-5.1251e-051
0.576,7.8921e-053,-6.302e-051
0.577,9.6164e-053,-7.7236e-051
0.578,1.1625e-052,-9.4971e-051
0.579,1.4167e-052,-1.1639e-050
0.58,1.7132e-052,-1.4312e-050
0.581,2.088e-052,-1.754e-050
0.582,2.5259e-052,-2.1566e-050
0.583,3.0787e-052,-2.643e-050
0.584,3.7258e-052,-3.2497e-050
0.585,4.5416e-052,-3.9825e-050
0.586,5.4982e-052,-4.8966e-050
0.587,6.7028e-052,-6.0008e-050
0.588,8.1175e-052,-7.3779e-050
0.589,9.8971e-052,-9.0415e-050
0.59,1.199e-051,-1.1116e-049
0.591,1.4531e-051,-1.3665e-049
0.592,1.7719e-051,-1.6748e-049
0.593,2.1482e-051,-2.0588e-049
0.594,2.6198e-051,-2.523e-049
0.595,3.1772e-051,-3.1017e-049
0.596,3.8752e-051,-3.801e-049
0.597,4.7014e-051,-4.6728e-049
0.598,5.7348e-051,-5.7263e-049
0.599,6.96e-051,-7.0394e-049
0.6,8.4908e-051,-8.6263e-049
0.601,1.0308e-050,-1.0604e-048
0.602,1.2577e-050,-1.2995e-048
0.603,1.5274e-050,-1.5974e-048
0.604,1.8637e-050,-1.9575e-048
0.605,2.2642e-050,-2.4062e-048
0.606,2.763e-050,-2.9485e-048
0.607,3.3579e-050,-3.6244e-048
0.608,4.098e-050,-4.4413e-048
0.609,4.9817e-050,-5.4592e-048
0.61,6.0804e-050,-6.6895e-048
0.611,7.3939e-050,-8.2226e-048
0.612,9.0253e-050,-1.0075e-047
0.613,1.0978e-049,-1.2384e-047
0.614,1.3402e-049,-1.5175e-047
0.615,1.6306e-049,-1.8652e-047
0.616,1.9907e-049,-2.2855e-047
0.617,2.4228e-049,-2.8091e-047
0.618,2.9581e-049,-3.442e-047
0.619,3.601e-049,-4.2305e-047
0.62,4.3969e-049,-5.1836e-047
0.621,5.3539e-049,-6.3709e-047
0.622,6.5378e-049,-7.8061e-047
0.623,7.9626e-049,-9.594e-047
0.624,9.7239e-049,-1.1755e-046
0.625,1.1846e-048,-1.4447e-046
0.626,1.4467e-048,-1.7702e-046
0.627,1.7627e-048,-2.1755e-046
0.628,2.1529e-048,-2.6655e-046
0.629,2.6237e-048,-3.2759e-046
0.63,3.2047e-048,-4.0137e-046
0.631,3.9063e-048,-4.9326e-046
0.632,4.7621e-048,-6.0612e-046
0.633,5.8171e-048,-7.427e-046
0.634,7.0927e-048,-9.1261e-046
0.635,8.6644e-048,-1.1182e-045
0.636,1.0566e-047,-1.374e-045
0.637,1.2908e-047,-1.6835e-045
0.638,1.5743e-047,-2.0687e-045
0.639,1.9233e-047,-2.5346e-045
0.64,2.3462e-047,-3.1146e-045
0.641,2.8664e-047,-3.8159e-045
0.642,3.497e-047,-4.689e-045
0.643,4.2725e-047,-5.7448e-045
0.644,5.2131e-047,-7.059e-045
0.645,6.3693e-047,-8.6484e-045
0.646,7.7725e-047,-1.0627e-044
0.647,9.4966e-047,-1.3019e-044
0.648,1.159e-046,-1.5997e-044
0.649,1.4161e-046,-1.9599e-044
0.65,1.7285e-046,-2.4081e-044
0.651,2.112e-046,-2.9502e-044
0.652,2.578e-046,-3.6249e-044
0.653,3.1501e-046,-4.4409e-044
0.654,3.8455e-046,-5.4564e-044
0.655,4.6989e-046,-6.6846e-044
0.656,5.7367e-046,-8.2131e-044
0.657,7.0098e-046,-1.0062e-043
0.658,8.5587e-046,-1.2362e-043
0.659,1.0458e-045,-1.5144e-043
0.66,1.277e-045,-1.8607e-043
0.661,1.5604e-045,-2.2794e-043
0.662,1.9055e-045,-2.8005e-043
0.663,2.3284e-045,-3.4307e-043
0.664,2.8434e-045,-4.2148e-043
0.665,3.4746e-045,-5.1633e-043
0.666,4.2433e-045,-6.3434e-043
0.667,5.1852e-045,-7.7708e-043
0.668,6.3327e-045,-9.5467e-043
0.669,7.7385e-045,-1.1695e-042
0.67,9.4514e-045,-1.4367e-042
0.671,1.155e-044,-1.76e-042
0.672,1.4107e-044,-2.1621e-042
0.673,1.7238e-044,-2.6485e-042
0.674,2.1055e-044,-3.2537e-042
0.675,2.5718e-044,-3.9966e-042
0.676,3.1428e-044,-4.8962e-042
0.677,3.8388e-044,-6.0141e-042
0.678,4.691e-044,-7.3671e-042
0.679,5.7302e-044,-9.0497e-042
0.68,7.0022e-044,-1.1086e-041
0.681,8.5536e-044,-1.3617e-041
0.682,1.0452e-043,-1.6681e-041
0.683,1.2768e-043,-2.049e-041
0.684,1.5603e-043,-2.5099e-041
0.685,1.906e-043,-3.083e-041
0.686,2.3291e-043,-3.7764e-041
0.687,2.8453e-043,-4.6387e-041
0.688,3.4768e-043,-5.682e-041
0.689,4.2474e-043,-6.9793e-041
0.69,5.1901e-043,-8.549e-041
0.691,6.3405e-043,-1.0501e-040
0.692,7.7476e-043,-1.2862e-040
0.693,9.4649e-043,-1.5798e-040
0.694,1.1565e-042,-1.9351e-040
0.695,1.4129e-042,-2.3768e-040
0.696,1.7264e-042,-2.9113e-040
0.697,2.1091e-042,-3.5757e-040
0.698,2.5771e-042,-4.3798e-040
0.699,3.1484e-042,-5.3793e-040
0.7,3.847e-042,-6.5889e-040
0.701,4.6998e-042,-8.0924e-040
0.702,5.7425e-042,-9.9119e-040
0.703,7.0155e-042,-1.2174e-039
0.704,8.5718e-042,-1.4911e-039
0.705,1.0472e-041,-1.8313e-039
0.706,1.2795e-041,-2.243e-039
0.707,1.5631e-041,-2.7547e-039
0.708,1.9098e-041,-3.374e-039
0.709,2.3332e-041,-4.1437e-039
0.71,2.8507e-041,-5.0752e-039
0.711,3.4826e-041,-6.2329e-039
0.712,4.2549e-041,-7.634e-039
0.713,5.198e-041,-9.3753e-039
0.714,6.3507e-041,-1.1483e-038
0.715,7.7583e-041,-1.4102e-038
0.716,9.4776e-041,-1.7316e-038
0.717,1.1579e-040,-2.121e-038
0.718,1.4145e-040,-2.6044e-038
0.719,1.7282e-040,-3.1901e-038
0.72,2.1112e-040,-3.9143e-038
0.721,2.5792e-040,-4.7941e-038
0.722,3.1509e-040,-5.8798e-038
0.723,3.8494e-040,-7.2012e-038
0.724,4.7026e-040,-8.8284e-038
0.725,5.7451e-040,-1.0804e-037
0.726,7.0185e-040,-1.3238e-037
0.727,8.5743e-040,-1.6196e-037
0.728,1.0475e-039,-1.9836e-037
0.729,1.2797e-039,-2.4263e-037
0.73,1.5633e-039,-2.9708e-037
0.731,1.9097e-039,-3.6334e-037
0.732,2.333e-039,-4.4479e-037
0.733,2.85e-039,-5.4393e-037
0.734,3.4815e-039,-6.6577e-037
0.735,4.253e-039,-8.1411e-037
0.736,5.1953e-039,-9.9636e-037
0.737,6.3464e-039,-1.2183e-036
0.738,7.7525e-039,-1.4909e-036
0.739,9.47e-039,-1.8229e-036
0.74,1.1568e-038,-2.2307e-036
0.741,1.413e-038,-2.7274e-036
0.742,1.726e-038,-3.3374e-036
0.743,2.1083e-038,-4.0803e-036
0.744,2.5752e-038,-4.9929e-036
0.745,3.1456e-038,-6.104e-036
0.746,3.8422e-038,-7.4691e-036
0.747,4.693e-038,-9.1311e-036
0.748,5.7321e-038,-1.1173e-035
0.749,7.0013e-038,-1.3659e-035
0.75,8.5513e-038,-1.6713e-035
0.751,1.0444e-037,-2.0431e-035
0.752,1.2757e-037,-2.4999e-035
0.753,1.558e-037,-3.056e-035
0.754,1.9029e-037,-3.7393e-035
0.755,2.3241e-037,-4.571e-035
0.756,2.8385e-037,-5.593e-035
0.757,3.4666e-037,-6.8367e-035
0.758,4.2338e-037,-8.3654e-035
0.759,5.1706e-037,-1.0225e-034
0.76,6.3147e-037,-1.2512e-034
0.761,7.7119e-037,-1.5294e-034
0.762,9.4181e-037,-1.8713e-034
0.763,1.1502e-036,-2.2873e-034
0.764,1.4046e-036,-2.7962e-034
0.765,1.7153e-036,-3.4208e-034
0.766,2.0947e-036,-4.1818e-034
0.767,2.558e-036,-5.1159e-034
0.768,3.1237e-036,-6.254e-034
0.769,3.8145e-036,-7.6509e-034
0.77,4.6579e-036,-9.3526e-034
0.771,5.6879e-036,-1.1442e-033
0.772,6.9455e-036,-1.3986e-033
0.773,8.4811e-036,-1.711e-033
0.774,1.0356e-035,-2.0915e-033
0.775,1.2645e-035,-2.5587e-033
0.776,1.5441e-035,-3.1276e-033
0.777,1.8853e-035,-3.8262e-033
0.778,2.302e-035,-4.6769e-033
0.779,2.8108e-035,-5.7216e-033
0.78,3.432e-035,-6.9935e-033
0.781,4.1903e-035,-8.5557e-033
0.782,5.1162e-035,-1.0457e-032
0.783,6.2467e-035,-1.2793e-032
0.784,7.6268e-035,-1.5637e-032
0.785,9.3117e-035,-1.9129e-032
0.786,1.1369e-034,-2.338e-032
0.787,1.388e-034,-2.8603e-032
0.788,1.6945e-034,-3.4959e-032
0.789,2.0688e-034,-4.2767e-032
0.79,2.5257e-034,-5.227e-032
0.791,3.0834e-034,-6.3945e-032
0.792,3.7643e-034,-7.8151e-032
0.793,4.5955e-034,-9.5608e-032
0.794,5.6101e-034,-1.1685e-031
0.795,6.8486e-034,-1.4295e-031
0.796,8.3605e-034,-1.747e-031
0.797,1.0206e-033,-2.1372e-031
0.798,1.2459e-033,-2.6118e-031
0.799,1.5208e-033,-3.1952e-031
0.8,1.8565e-033,-3.9048e-031
0.801,2.2662e-033,-4.777e-031
0.802,2.7662e-033,-5.8378e-031
0.803,3.3766e-033,-7.1418e-031
0.804,4.1216e-033,-8.7274e-031
0.805,5.0308e-033,-1.0667e-030
0.806,6.1406e-033,-1.3047e-030
0.807,7.4951e-033,-1.5946e-030
0.808,9.1483e-033,-1.9505e-030
0.809,1.1166e-032,-2.3839e-030
0.81,1.3629e-032,-2.9158e-030
0.811,1.6634e-032,-3.5636e-030
0.812,2.0302e-032,-4.3588e-030
0.813,2.4778e-032,-5.3271e-030
0.814,3.0241e-032,-6.5158e-030
0.815,3.6908e-032,-7.9631e-030
0.816,4.5043e-032,-9.7401e-030
0.817,5.4972e-032,-1.1903e-029
0.818,6.7088e-032,-1.456e-029
0.819,8.1873e-032,-1.7793e-029
0.82,9.9916e-032,-2.1764e-029
0.821,1.2193e-031,-2.6597e-029
0.822,1.488e-031,-3.2532e-029
0.823,1.8158e-031,-3.9755e-029
0.824,2.2159e-031,-4.8627e-029
0.825,2.704e-031,-5.9423e-029
0.826,3.2996e-031,-7.2685e-029
0.827,4.0263e-031,-8.882e-029
0.828,4.9131e-031,-1.0864e-028
0.829,5.995e-031,-1.3276e-028
0.83,7.3151e-031,-1.6239e-028
0.831,8.9258e-031,-1.9843e-028
0.832,1.0891e-030,-2.4272e-028
0.833,1.3289e-030,-2.9658e-028
0.834,1.6214e-030,-3.6278e-028
0.835,1.9783e-030,-4.4329e-028
0.836,2.4137e-030,-5.4223e-028
0.837,2.9448e-030,-6.6255e-028
0.838,3.5929e-030,-8.1044e-028
0.839,4.3834e-030,-9.9025e-028
0.84,5.3479e-030,-1.2113e-027
0.841,6.5244e-030,-1.48e-027
0.842,7.9597e-030,-1.8104e-027
0.843,9.7105e-030,-2.212e-027
0.844,1.1846e-029,-2.7058e-027
0.845,1.4452e-029,-3.306e-027
0.846,1.763e-029,-4.0441e-027
0.847,2.1506e-029,-4.9411e-027
0.848,2.6235e-029,-6.0382e-027
0.849,3.2002e-029,-7.3847e-027
0.85,3.9037e-029,-9.0243e-027
0.851,4.7618e-029,-1.1037e-026
0.852,5.8084e-029,-1.3487e-026
0.853,7.0849e-029,-1.6495e-026
0.854,8.6418e-029,-2.0157e-026
0.855,1.0541e-028,-2.4653e-026
0.856,1.2857e-028,-3.0125e-026
0.857,1.5681e-028,-3.6845e-026
0.858,1.9126e-028,-4.5024e-026
0.859,2.3327e-028,-5.5068e-026
0.86,2.845e-028,-6.729e-026
0.861,3.4698e-028,-8.2303e-026
0.862,4.2317e-028,-1.0057e-025
0.863,5.1608e-028,-1.2301e-025
0.864,6.2938e-028,-1.5031e-025
0.865,7.6754e-028,-1.8385e-025
0.866,9.3602e-028,-2.2465e-025
0.867,1.1415e-027,-2.7478e-025
0.868,1.392e-027,-3.3576e-025
0.869,1.6974e-027,-4.107e-025
0.87,2.0698e-027,-5.0184e-025
0.871,2.524e-027,-6.1386e-025
0.872,3.0776e-027,-7.5008e-025
0.873,3.7527e-027,-9.1753e-025
0.874,4.5758e-027,-1.1211e-024
0.875,5.5793e-027,-1.3715e-024
0.876,6.8027e-027,-1.6758e-024
0.877,8.2942e-027,-2.05e-024
0.878,1.0113e-026,-2.505e-024
0.879,1.2329e-026,-3.0644e-024
0.88,1.5032e-026,-3.7445e-024
0.881,1.8326e-026,-4.5809e-024
0.882,2.2342e-026,-5.5976e-024
0.883,2.7238e-026,-6.8482e-024
0.884,3.3206e-026,-8.3681e-024
0.885,4.048e-026,-1.0238e-023
0.886,4.9347e-026,-1.2511e-023
0.887,6.0155e-026,-1.5307e-023
0.888,7.3328e-026,-1.8705e-023
0.889,8.9385e-026,-2.2862e-023
0.89,1.0896e-025,-2.7967e-023
0.891,1.3281e-025,-3.4184e-023
0.892,1.6188e-025,-4.1819e-023
0.893,1.9731e-025,-5.1116e-023
0.894,2.4049e-025,-6.2536e-023
0.895,2.9311e-025,-7.6441e-023
0.896,3.5725e-025,-9.3524e-023
0.897,4.354e-025,-1.1432e-022
0.898,5.3064e-025,-1.3988e-022
0.899,6.4669e-025,-1.7099e-022
0.9,7.8812e-025,-2.0924e-022
0.901,9.6044e-025,-2.5579e-022
0.902,1.1704e-024,-3.1301e-022
0.903,1.4263e-024,-3.8267e-022
0.904,1.738e-024,-4.6831e-022
0.905,2.1179e-024,-5.7256e-022
0.906,2.5807e-024,-7.0076e-022
0.907,3.1446e-024,-8.568e-022
0.908,3.8315e-024,-1.0487e-021
0.909,4.6685e-024,-1.2824e-021
0.91,5.6881e-024,-1.5698e-021
0.911,6.9303e-024,-1.9196e-021
0.912,8.4435e-024,-2.3501e-021
0.913,1.0287e-023,-2.874e-021
0.914,1.2532e-023,-3.5189e-021
0.915,1.5268e-023,-4.3038e-021
0.916,1.86e-023,-5.2702e-021
0.917,2.2658e-023,-6.4463e-021
0.918,2.7601e-023,-7.8949e-021
0.919,3.3622e-023,-9.6578e-021
0.92,4.0955e-023,-1.183e-020
0.921,4.9886e-023,-1.4473e-020
0.922,6.0764e-023,-1.773e-020
0.923,7.401e-023,-2.1695e-020
0.924,9.0143e-023,-2.6583e-020
0.925,1.0979e-022,-3.2532e-020
0.926,1.3371e-022,-3.9868e-020
0.927,1.6285e-022,-4.8798e-020
0.928,1.9832e-022,-5.9814e-020
0.929,2.4152e-022,-7.3226e-020
0.93,2.9412e-022,-8.9776e-020
0.931,3.5816e-022,-1.0993e-019
0.932,4.3613e-022,-1.3465e-019
0.933,5.3107e-022,-1.651e-019
0.934,6.4665e-022,-2.0228e-019
0.935,7.8737e-022,-2.4809e-019
0.936,9.5867e-022,-3.0403e-019
0.937,1.1672e-021,-3.73e-019
0.938,1.4211e-021,-4.5723e-019
0.939,1.7301e-021,-5.6114e-019
0.94,2.1063e-021,-6.8807e-019
0.941,2.5642e-021,-8.4474e-019
0.942,3.1215e-021,-1.0362e-018
0.943,3.7998e-021,-1.2726e-018
0.944,4.6254e-021,-1.5616e-018
0.945,5.6302e-021,-1.9188e-018
0.946,6.853e-021,-2.3555e-018
0.947,8.3412e-021,-2.8956e-018
0.948,1.0152e-020,-3.5564e-018
0.949,1.2356e-020,-4.374e-018
0.95,1.5038e-020,-5.375e-018
0.951,1.8301e-020,-6.6147e-018
0.952,2.2271e-020,-8.1331e-018
0.953,2.7102e-020,-1.0015e-017
0.954,3.2979e-020,-1.2322e-017
0.955,4.013e-020,-1.5185e-017
0.956,4.883e-020,-1.8697e-017
0.957,5.9413e-020,-2.3058e-017
0.958,7.2288e-020,-2.8414e-017
0.959,8.795e-020,-3.5074e-017
0.96,1.07e-019,-4.326e-017
0.961,1.3017e-019,-5.3453e-017
0.962,1.5836e-019,-6.5996e-017
0.963,1.9264e-019,-8.1639e-017
0.964,2.3433e-019,-1.0091e-016
0.965,2.8504e-019,-1.2499e-016
0.966,3.467e-019,-1.5471e-016
0.967,4.2169e-019,-1.9191e-016
0.968,5.1287e-019,-2.379e-016
0.969,6.2375e-019,-2.9559e-016
0.97,7.5856e-019,-3.6707e-016
0.971,9.2249e-019,-4.5696e-016
0.972,1.1218e-018,-5.6863e-016
0.973,1.3641e-018,-7.0858e-016
0.974,1.6586e-018,-8.8495e-016
0.975,2.0167e-018,-1.1056e-015
0.976,2.452e-018,-1.3847e-015
0.977,2.9811e-018,-1.7353e-015
0.978,3.6243e-018,-2.1808e-015
0.979,4.406e-018,-2.7431e-015
0.98,5.356e-018,-3.4615e-015
0.981,6.5106e-018,-4.3736e-015
0.982,7.9138e-018,-5.5469e-015
0.983,9.6189e-018,-7.0479e-015
0.984,1.1691e-017,-8.9952e-015
0.985,1.4209e-017,-1.1511e-014
0.986,1.7268e-017,-1.4811e-014
0.987,2.0984e-017,-1.913e-014
0.988,2.55e-017,-2.4883e-014
0.989,3.0985e-017,-3.2547e-014
0.99,3.7649e-017,-4.2975e-014
0.991,4.5743e-017,-5.7238e-014
0.992,5.5576e-017,-7.7274e-014
0.993,6.7517e-017,-1.0583e-013
0.994,8.2022e-017,-1.4814e-013
0.995,9.9636e-017,-2.1297e-013
0.996,1.2103e-016,-3.1931e-013
0.997,1.47e-016,-5.0992e-013
0.998,1.7854e-016,-9.1722e-013
0.999,2.1684e-016,-2.1965e-012
1,2.6334e-016,Inf
1.001,3.1979e-016,3.1523e-012
1.002,3.8832e-016,1.8891e-012
1.003,4.7151e-016,1.5072e-012
1.004,5.725e-016,1.3545e-012
1.005,6.9506e-016,1.2964e-012
1.006,8.4383e-016,1.2942e-012
1.007,1.0244e-015,1.3268e-012
1.008,1.2435e-015,1.3905e-012
1.009,1.5093e-015,1.4779e-012
1.01,1.8319e-015,1.5927e-012
1.011,2.2234e-015,1.7308e-012
1.012,2.6983e-015,1.8993e-012
1.013,3.2744e-015,2.0952e-012
1.014,3.9733e-015,2.3285e-012
1.015,4.821e-015,2.5965e-012
1.016,5.8493e-015,2.9087e-012
1.017,7.0964e-015,3.2742e-012
1.018,8.6089e-015,3.694e-012
1.019,1.0443e-014,4.1847e-012
1.02,1.2667e-014,4.7477e-012
1.021,1.5364e-014,5.4054e-012
1.022,1.8633e-014,6.1603e-012
1.023,2.2597e-014,7.0426e-012
1.024,2.7402e-014,8.0559e-012
1.025,3.3227e-014,9.241e-012
1.026,4.0287e-014,1.0603e-011
1.027,4.8844e-014,1.2197e-011
1.028,5.9213e-014,1.4032e-011
1.029,7.1779e-014,1.6181e-011
1.03,8.7005e-014,1.8655e-011
1.031,1.0545e-013,2.1557e-011
1.032,1.278e-013,2.49e-011
1.033,1.5488e-013,2.8824e-011
1.034,1.8768e-013,3.3349e-011
1.035,2.2741e-013,3.8666e-011
1.036,2.7552e-013,4.4799e-011
1.037,3.3379e-013,5.2012e-011
1.038,4.0434e-013,6.0337e-011
1.039,4.8978e-013,7.0137e-011
1.04,5.9322e-013,8.1452e-011
1.041,7.1845e-013,9.4782e-011
1.042,8.7003e-013,1.1018e-010
1.043,1.0535e-012,1.2833e-010
1.044,1.2756e-012,1.4931e-010
1.045,1.5444e-012,1.7406e-010
1.046,1.8696e-012,2.0266e-010
1.047,2.2631e-012,2.3643e-010
1.048,2.7393e-012,2.7547e-010
1.049,3.3153e-012,3.2159e-010
1.05,4.012e-012,3.7492e-010
1.051,4.8549e-012,4.3795e-010
1.052,5.8741e-012,5.1087e-010
1.053,7.1069e-012,5.9708e-010
1.054,8.5974e-012,6.9683e-010
1.055,1.04e-011,8.1484e-010
1.056,1.2579e-011,9.5138e-010
1.057,1.5212e-011,1.1114e-009
1.058,1.8396e-011,1.3e-009
1.059,2.2244e-011,1.5192e-009
1.06,2.6895e-011,1.7778e-009
1.061,3.2514e-011,2.0782e-009
1.062,3.9304e-011,2.4328e-009
1.063,4.7507e-011,2.8448e-009
1.064,5.7417e-011,3.3313e-009
1.065,6.9386e-011,3.8965e-009
1.066,8.3844e-011,4.5642e-009
1.067,1.013e-010,5.34e-009
1.068,1.2238e-010,6.2567e-009
1.069,1.4784e-010,7.3217e-009
1.07,1.7857e-010,8.5809e-009
1.071,2.1566e-010,1.0044e-008
1.072,2.6043e-010,1.1773e-008
1.073,3.1446e-010,1.3783e-008
1.074,3.7967e-010,1.616e-008
1.075,4.5834e-010,1.8921e-008
1.076,5.5327e-010,2.2189e-008
1.077,6.6776e-010,2.5984e-008
1.078,8.0589e-010,3.0477e-008
1.079,9.7245e-010,3.5694e-008
1.08,1.1733e-009,4.1873e-008
1.081,1.4155e-009,4.9047e-008
1.082,1.7076e-009,5.7546e-008
1.083,2.0596e-009,6.7412e-008
1.084,2.4839e-009,7.9105e-008
1.085,2.9953e-009,9.2675e-008
1.086,3.6117e-009,1.0876e-007
1.087,4.3542e-009,1.2743e-007
1.088,5.249e-009,1.4957e-007
1.089,6.3267e-009,1.7526e-007
1.09,7.625e-009,2.0573e-007
1.091,9.1884e-009,2.4108e-007
1.092,1.1071e-008,2.8302e-007
1.093,1.3338e-008,3.3167e-007
1.094,1.6068e-008,3.8941e-007
1.095,1.9353e-008,4.5636e-007
1.096,2.3308e-008,5.3586e-007
1.097,2.8067e-008,6.2802e-007
1.098,3.3795e-008,7.3747e-007
1.099,4.0685e-008,8.6434e-007
1.1,4.8974e-008,1.0134e-006
1.101,5.8946e-008,1.1897e-006
1.102,7.0939e-008,1.3949e-006
1.103,8.5363e-008,1.6377e-006
1.104,1.027e-007,1.9202e-006
1.105,1.2356e-007,2.2546e-006
1.106,1.4862e-007,2.6436e-006
1.107,1.7875e-007,3.1041e-006
1.108,2.1496e-007,3.6397e-006
1.109,2.5847e-007,4.274e-006
1.11,3.1075e-007,5.0114e-006
1.111,3.7356e-007,5.8851e-006
1.112,4.49e-007,6.9005e-006
1.113,5.3962e-007,8.1039e-006
1.114,6.4843e-007,9.5022e-006
1.115,7.791e-007,1.116e-005
1.116,9.3596e-007,1.3085e-005
1.117,1.1243e-006,1.5369e-005
1.118,1.3503e-006,1.802e-005
1.119,1.6216e-006,2.1165e-005
1.12,1.9471e-006,2.4817e-005
1.121,2.3377e-006,2.9149e-005
1.122,2.8062e-006,3.4178e-005
1.123,3.3684e-006,4.0146e-005
1.124,4.0424e-006,4.7071e-005
1.125,4.8509e-006,5.5291e-005
1.126,5.82e-006,6.4828e-005
1.127,6.9823e-006,7.6152e-005
1.128,8.3751e-006,8.9286e-005
1.129,1.0045e-005,0.00010488
1.13,1.2046e-005,0.00012297
1.131,1.4444e-005,0.00014446
1.132,1.7316e-005,0.00016936
1.133,2.0759e-005,0.00019896
1.134,2.488e-005,0.00023326
1.135,2.9819e-005,0.00027403
1.136,3.573e-005,0.00032127
1.137,4.2811e-005,0.00037743
1.138,5.1285e-005,0.00044247
1.139,6.1433e-005,0.00051983
1.14,7.3574e-005,0.00060939
1.141,8.811e-005,0.00071595
1.142,0.0001055,0.00083928
1.143,0.0001263,0.0009842
1.144,0.00015119,0.0011559
1.145,0.00018096,0.0013554
1.146,0.00021658,0.0015919
1.147,0.00025915,0.0018666
1.148,0.00031008,0.0021923
1.149,0.00037094,0.0025706
1.15,0.00044373,0.0030191
1.151,0.00053069,0.0035399
1.152,0.00063466,0.0041576
1.153,0.00075886,0.0048747
1.154,0.00090731,0.0057253
1.155,0.0010846,0.0067126
1.156,0.0012965,0.007884
1.157,0.0015494,0.0092432
1.158,0.0018516,0.010856
1.159,0.0022123,0.012727
1.16,0.0026432,0.014949
1.161,0.0031573,0.017525
1.162,0.0037714,0.020584
1.163,0.0045038,0.024129
1.164,0.0053785,0.028341
1.165,0.0064216,0.033221
1.166,0.0076669,0.039021
1.167,0.0091516,0.045739
1.168,0.010924,0.053724
1.169,0.013036,0.06297
1.17,0.015557,0.073964
1.171,0.018561,0.086689
1.172,0.022145,0.10183
1.173,0.026415,0.11934
1.174,0.031508,0.14018
1.175,0.037574,0.16428
1.176,0.04481,0.19297
1.177,0.053425,0.22613
1.178,0.0637,0.26562
1.179,0.075928,0.31127
1.18,0.090511,0.36562
1.181,0.10786,0.42843
1.182,0.12855,0.50325
1.183,0.15316,0.58967
1.184,0.18246,0.6912
1.185,0.21738,0.81155
1.186,0.25891,0.95124
1.187,0.3084,1.1169
1.188,0.36724,1.309
1.189,0.43734,1.537
1.19,0.52066,1.8014
1.191,0.61991,2.1151
1.192,0.73787,2.4787
1.193,0.87834,2.9104
1.194,1.0452,3.4106
1.195,1.244,4.0045
1.196,1.48,4.6926
1.197,1.7611,5.5098
1.198,2.0948,6.4561
1.199,2.4921,7.5805
1.2,2.9636,8.8819
1.201,3.525,10.429
1.202,4.1912,12.219
1.203,4.9841,14.347
1.204,5.9246,16.808
1.205,7.0441,19.735
1.206,8.3717,23.119
1.207,9.9516,27.146
1.208,11.824,31.799
1.209,14.053,37.337
1.21,16.694,43.734
1.211,19.837,51.352
1.212,23.561,60.146
1.213,27.991,70.623
1.214,33.237,82.712
1.215,39.479,97.119
1.216,46.868,113.74
1.217,55.66,133.55
1.218,66.062,156.39
1.219,78.44,183.63
1.22,93.079,215.02
1.221,110.5,252.47
1.222,131.09,295.62
1.223,155.59,347.1
1.224,184.55,406.39
1.225,219,477.17
1.226,259.7,558.63
1.227,307.95,654.3
1.228,365.29,767.85
1.229,433.06,899.29
1.23,513.61,1055.4
1.231,608.76,1235.9
1.232,721.84,1450.4
1.233,855.36,1698.4
1.234,1014.1,1993.1
1.235,1201.3,2333.8
1.236,1423.9,2738.8
1.237,1686.5,3206.6
1.238,1998.6,3763
1.239,2366.6,4405.4
1.24,2804,5169.8
1.241,3319.4,6051.9
1.242,3932.1,7102
1.243,4653.7,8313.1
1.244,5511.6,9755.5
1.245,6521.3,11418
1.246,7722.1,13399
1.247,9134.2,15681
1.248,10814,18402
1.249,12788,21534
1.25,15136,25269
1.251,17895,29568
1.252,21177,34697
1.253,25028,40596
1.254,29613,47637
1.255,34989,55730
1.256,41389,65395
1.257,48888,76498
1.258,57818,89764
1.259,68275,1.0499e+005
1.26,80729,1.232e+005
1.261,95299,1.4409e+005
1.262,1.1266e+005,1.6907e+005
1.263,1.3295e+005,1.9771e+005
1.264,1.5714e+005,2.3199e+005
1.265,1.8538e+005,2.7126e+005
1.266,2.1905e+005,3.1828e+005
1.267,2.5834e+005,3.7212e+005
1.268,3.0472e+005,4.3531e+005
1.269,3.5983e+005,5.1042e+005
1.27,4.2429e+005,5.9702e+005
1.271,5.0091e+005,7.0003e+005
1.272,5.9044e+005,8.187e+005
1.273,6.969e+005,9.5993e+005
1.274,8.2119e+005,1.1225e+006
1.275,9.6904e+005,1.3161e+006
1.276,1.1415e+006,1.5389e+006
1.277,1.3467e+006,1.8043e+006
1.278,1.5858e+006,2.1094e+006
1.279,1.8704e+006,2.4731e+006
1.28,2.2017e+006,2.8909e+006
1.281,2.5963e+006,3.3893e+006
1.282,3.0552e+006,3.9614e+006
1.283,3.6019e+006,4.6441e+006
1.284,4.237e+006,5.4273e+006
1.285,4.994e+006,6.3626e+006
1.286,5.8724e+006,7.4345e+006
1.287,6.92e+006,8.7155e+006
1.288,8.1343e+006,1.0182e+007
1.289,9.5833e+006,1.1936e+007
1.29,1.1261e+007,1.3943e+007
1.291,1.3264e+007,1.6345e+007
1.292,1.558e+007,1.909e+007
1.293,1.8347e+007,2.2377e+007
1.294,2.1543e+007,2.6132e+007
1.295,2.5363e+007,3.0631e+007
1.296,2.977e+007,3.5765e+007
1.297,3.5042e+007,4.192e+007
1.298,4.1116e+007,4.8939e+007
1.299,4.8386e+007,5.7359e+007
1.3,5.6753e+007,6.6952e+007
1.301,6.6774e+007,7.847e+007
1.302,7.8291e+007,9.1578e+007
1.303,9.2095e+007,1.0733e+008
1.304,1.0794e+008,1.2524e+008
1.305,1.2695e+008,1.4677e+008
1.306,1.4873e+008,1.7123e+008
1.307,1.7489e+008,2.0066e+008
1.308,2.0483e+008,2.3406e+008
1.309,2.4079e+008,2.7428e+008
1.31,2.8191e+008,3.1988e+008
1.311,3.3021e+008,3.7332e+008
1.312,3.878e+008,4.3707e+008
1.313,4.5408e+008,5.0999e+008
1.314,5.3316e+008,5.9704e+008
1.315,6.2406e+008,6.9653e+008
1.316,7.3261e+008,8.1539e+008
1.317,8.5721e+008,9.5107e+008
1.318,1.0061e+009,1.1133e+009
1.319,1.1768e+009,1.2983e+009
1.32,1.381e+009,1.5197e+009
1.321,1.6148e+009,1.7719e+009
1.322,1.8945e+009,2.074e+009
1.323,2.2144e+009,2.4176e+009
1.324,2.5977e+009,2.8296e+009
1.325,3.0353e+009,3.2978e+009
1.326,3.5599e+009,3.8595e+009
1.327,4.1581e+009,4.4971e+009
1.328,4.876e+009,5.2628e+009
1.329,5.6934e+009,6.1309e+009
1.33,6.6753e+009,7.1744e+009
1.331,7.7916e+009,8.3559e+009
1.332,9.1337e+009,9.7776e+009
1.333,1.0657e+010,1.1385e+010
1.334,1.2491e+010,1.3321e+010
1.335,1.457e+010,1.5507e+010
1.336,1.7074e+010,1.8144e+010
1.337,1.9908e+010,2.1116e+010
1.338,2.3327e+010,2.4704e+010
1.339,2.7189e+010,2.8744e+010
1.34,3.1853e+010,3.3626e+010
1.341,3.7114e+010,3.9115e+010
1.342,4.3473e+010,4.5755e+010
1.343,5.0634e+010,5.3208e+010
1.344,5.9302e+010,6.2237e+010
1.345,6.9045e+010,7.2355e+010
1.346,8.0852e+010,8.4626e+010
1.347,9.4101e+010,9.8356e+010
1.348,1.1018e+011,1.1503e+011
1.349,1.2818e+011,1.3365e+011
1.35,1.5006e+011,1.5629e+011
1.351,1.7452e+011,1.8154e+011
1.352,2.0314e+011,2.1106e+011
1.353,2.3747e+011,2.4648e+011
1.354,2.7631e+011,2.8648e+011
1.355,3.2295e+011,3.3452e+011
1.356,3.7563e+011,3.8868e+011
1.357,4.3897e+011,4.538e+011
1.358,5.1036e+011,5.2709e+011
1.359,5.9632e+011,6.1535e+011
1.36,6.9302e+011,7.1447e+011
1.361,8.0961e+011,8.34e+011
1.362,9.405e+011,9.6799e+011
1.363,1.0985e+012,1.1298e+012
1.364,1.2756e+012,1.3108e+012
1.365,1.4897e+012,1.5297e+012
1.366,1.729e+012,1.7741e+012
1.367,2.0188e+012,2.0701e+012
1.368,2.342e+012,2.3997e+012
1.369,2.7341e+012,2.7998e+012
1.37,3.1704e+012,3.2442e+012
1.371,3.7005e+012,3.7844e+012
1.372,4.2888e+012,4.3831e+012
1.373,5.0049e+012,5.1123e+012
1.374,5.7975e+012,5.9182e+012
1.375,6.7643e+012,6.9016e+012
1.376,7.8313e+012,7.9855e+012
1.377,9.1355e+012,9.3108e+012
1.378,1.057e+013,1.0767e+013
1.379,1.2328e+013,1.2552e+013
1.38,1.4256e+013,1.4508e+013
1.381,1.6623e+013,1.6909e+013
1.382,1.9211e+013,1.9532e+013
1.383,2.2396e+013,2.276e+013
1.384,2.5865e+013,2.6274e+013
1.385,3.0146e+013,3.061e+013
1.386,3.4792e+013,3.5313e+013
1.387,4.054e+013,4.1132e+013
1.388,4.6755e+013,4.7417e+013
1.389,5.4465e+013,5.5218e+013
1.39,6.2765e+013,6.3607e+013
1.391,7.3095e+013,7.4053e+013
1.392,8.4166e+013,8.5237e+013
1.393,9.7989e+013,9.9207e+013
1.394,1.1273e+014,1.1409e+014
1.395,1.2989e+014,1.3141e+014
1.396,1.5081e+014,1.5253e+014
1.397,1.736e+014,1.7553e+014
1.398,2.0148e+014,2.0367e+014
1.399,2.317e+014,2.3414e+014
1.4,2.688e+014,2.7157e+014
1.401,3.0879e+014,3.1188e+014
1.402,3.5806e+014,3.6156e+014
1.403,4.1087e+014,4.1477e+014
1.404,4.7619e+014,4.806e+014
1.405,5.4576e+014,5.5067e+014
1.406,6.3216e+014,6.3773e+014
1.407,7.2356e+014,7.2974e+014
1.408,8.3761e+014,8.4461e+014
1.409,9.5733e+014,9.6509e+014
1.41,1.1075e+015,1.1163e+015
1.411,1.2638e+015,1.2735e+015
1.412,1.461e+015,1.472e+015
1.413,1.6643e+015,1.6764e+015
1.414,1.9224e+015,1.9362e+015
1.415,2.1857e+015,2.2008e+015
1.416,2.5225e+015,2.5396e+015
1.417,2.8618e+015,2.8807e+015
1.418,3.2995e+015,3.3208e+015
1.419,3.7345e+015,3.7578e+015
1.42,4.3009e+015,4.3272e+015
1.421,4.8548e+015,4.8836e+015
1.422,5.5842e+015,5.6166e+015
1.423,6.2841e+015,6.3194e+015
1.424,7.2178e+015,7.2576e+015
1.425,8.0942e+015,8.1372e+015
1.426,9.2815e+015,9.3299e+015
1.427,1.0366e+016,1.0418e+016
1.428,1.1864e+016,1.1923e+016
1.429,1.3188e+016,1.3251e+016
1.43,1.506e+016,1.513e+016
1.431,1.6647e+016,1.6721e+016
1.432,1.8957e+016,1.9041e+016
1.433,2.0813e+016,2.09e+016
1.434,2.3624e+016,2.3721e+016
1.435,2.572e+016,2.5821e+016
1.436,2.803e+016,2.8133e+016
1.437,3.1321e+016,3.1435e+016
1.438,3.3744e+016,3.3858e+016
1.439,3.7424e+016,3.7548e+016
1.44,3.9706e+016,3.9826e+016
1.441,4.3585e+016,4.3715e+016
1.442,4.5259e+016,4.5378e+016
1.443,4.8947e+016,4.9072e+016
1.444,5.0356e+016,5.0473e+016
1.445,5.3816e+016,5.3939e+016
1.446,5.4991e+016,5.5105e+016
1.447,5.8217e+016,5.8337e+016
1.448,5.9162e+016,5.9273e+016
1.449,6.2154e+016,6.2271e+016
1.45,6.2876e+016,6.2984e+016
1.451,6.5634e+016,6.5747e+016
1.452,6.6144e+016,6.6248e+016
1.453,6.8671e+016,6.8781e+016
1.454,6.8979e+016,6.908e+016
1.455,7.1282e+016,7.1388e+016
1.456,7.1399e+016,7.1497e+016
1.457,7.3485e+016,7.3588e+016
1.458,7.3423e+016,7.3518e+016
1.459,7.5301e+016,7.54e+016
1.46,7.5073e+016,7.5164e+016
1.461,7.6752e+016,7.6846e+016
1.462,7.637e+016,7.6457e+016
1.463,7.7859e+016,7.795e+016
1.464,7.7336e+016,7.7419e+016
1.465,7.8646e+016,7.8733e+016
1.466,7.7994e+016,7.8074e+016
1.467,7.9135e+016,7.9218e+016
1.468,7.8366e+016,7.8443e+016
1.469,7.9348e+016,7.9428e+016
1.47,7.8475e+016,7.8548e+016
1.471,7.9309e+016,7.9385e+016
1.472,7.8341e+016,7.8411e+016
1.473,7.9037e+016,7.911e+016
1.474,7.7987e+016,7.8053e+016
1.475,7.8555e+016,7.8624e+016
1.476,7.7432e+016,7.7495e+016
1.477,7.7881e+016,7.7947e+016
1.478,7.6695e+016,7.6755e+016
1.479,7.585e+016,7.5906e+016
1.48,7.5795e+016,7.5852e+016
1.481,7.4884e+016,7.4937e+016
1.482,7.475e+016,7.4804e+016
1.483,7.3782e+016,7.3832e+016
1.484,7.3576e+016,7.3627e+016
1.485,7.2559e+016,7.2606e+016
1.486,7.2289e+016,7.2338e+016
1.487,7.123e+016,7.1275e+016
1.488,7.0903e+016,7.0949e+016
1.489,6.981e+016,6.9853e+016
1.49,6.9432e+016,6.9476e+016
1.491,6.8312e+016,6.8352e+016
1.492,6.789e+016,6.7931e+016
1.493,6.6748e+016,6.6786e+016
1.494,6.6287e+016,6.6326e+016
1.495,6.513e+016,6.5166e+016
1.496,6.4635e+016,6.4672e+016
1.497,6.3467e+016,6.3501e+016
1.498,6.2944e+016,6.2979e+016
1.499,6.1771e+016,6.1803e+016
1.5,6.1223e+016,6.1257e+016
1.501,6.0048e+016,6.0079e+016
1.502,5.9482e+016,5.9513e+016
1.503,5.8309e+016,5.8338e+016
1.504,5.7726e+016,5.7756e+016
1.505,5.656e+016,5.6587e+016
1.506,5.5965e+016,5.5993e+016
1.507,5.4807e+016,5.4833e+016
1.508,5.4203e+016,5.4229e+016
1.509,5.3058e+016,5.3082e+016
1.51,5.2447e+016,5.2472e+016
1.511,5.1317e+016,5.1339e+016
1.512,5.0703e+016,5.0726e+016
1.513,4.9589e+016,4.961e+016
1.514,4.8974e+016,4.8996e+016
1.515,4.7879e+016,4.7899e+016
1.516,4.7265e+016,4.7286e+016
1.517,4.619e+016,4.6209e+016
1.518,4.558e+016,4.5599e+016
1.519,4.4526e+016,4.4544e+016
1.52,4.359e+016,4.3607e+016
1.521,4.2891e+016,4.2907e+016
1.522,4.1972e+016,4.1988e+016
1.523,4.1285e+016,4.1301e+016
1.524,4.0386e+016,4.0401e+016
1.525,3.9713e+016,3.9728e+016
1.526,3.8834e+016,3.8848e+016
1.527,3.8175e+016,3.8189e+016
1.528,3.7317e+016,3.733e+016
1.529,3.6673e+016,3.6686e+016
1.53,3.5837e+016,3.5849e+016
1.531,3.5209e+016,3.5221e+016
1.532,3.4395e+016,3.4407e+016
1.533,3.3783e+016,3.3794e+016
1.534,3.2992e+016,3.3003e+016
1.535,3.2396e+016,3.2407e+016
1.536,3.1628e+016,3.1638e+016
1.537,3.1049e+016,3.1059e+016
1.538,3.0304e+016,3.0314e+016
1.539,2.9742e+016,2.9752e+016
1.54,2.902e+016,2.9029e+016
1.541,2.8475e+016,2.8484e+016
1.542,2.7777e+016,2.7785e+016
1.543,2.7249e+016,2.7257e+016
1.544,2.6574e+016,2.6581e+016
1.545,2.6063e+016,2.6071e+016
1.546,2.541e+016,2.5418e+016
1.547,2.4917e+016,2.4924e+016
1.548,2.4287e+016,2.4294e+016
1.549,2.381e+016,2.3817e+016
1.55,2.3203e+016,2.3209e+016
1.551,2.2743e+016,2.2749e+016
1.552,2.2157e+016,2.2163e+016
1.553,2.1714e+016,2.172e+016
1.554,2.115e+016,2.1156e+016
1.555,2.0723e+016,2.0729e+016
1.556,2.018e+016,2.0186e+016
1.557,1.9769e+016,1.9775e+016
1.558,1.9248e+016,1.9253e+016
1.559,1.8852e+016,1.8857e+016
1.56,1.8351e+016,1.8355e+016
1.561,1.797e+016,1.7975e+016
1.562,1.7489e+016,1.7494e+016
1.563,1.7043e+016,1.7047e+016
1.564,1.6662e+016,1.6666e+016
1.565,1.6234e+016,1.6238e+016
1.566,1.5868e+016,1.5872e+016
1.567,1.5457e+016,1.5461e+016
1.568,1.5107e+016,1.5111e+016
1.569,1.4713e+016,1.4717e+016
1.57,1.4378e+016,1.4381e+016
1.571,1.4e+016,1.4003e+016
1.572,1.3679e+016,1.3682e+016
1.573,1.3317e+016,1.332e+016
1.574,1.301e+016,1.3013e+016
1.575,1.2664e+016,1.2666e+016
1.576,1.237e+016,1.2373e+016
1.577,1.2039e+016,1.2041e+016
1.578,1.1758e+016,1.1761e+016
1.579,1.1441e+016,1.1443e+016
1.58,1.1173e+016,1.1175e+016
1.581,1.087e+016,1.0872e+016
1.582,1.0614e+016,1.0616e+016
1.583,1.0324e+016,1.0326e+016
1.584,1.008e+016,1.0082e+016
1.585,9.8032e+015,9.8052e+015
1.586,9.5703e+015,9.5723e+015
1.587,9.3061e+015,9.3079e+015
1.588,9.084e+015,9.0858e+015
1.589,8.8318e+015,8.8335e+015
1.59,8.62e+015,8.6218e+015
1.591,8.3795e+015,8.3811e+015
1.592,8.1777e+015,8.1794e+015
1.593,7.9483e+015,7.9498e+015
1.594,7.7562e+015,7.7577e+015
1.595,7.5375e+015,7.5389e+015
1.596,7.3545e+015,7.356e+015
1.597,7.1462e+015,7.1475e+015
1.598,6.972e+015,6.9734e+015
1.599,6.7736e+015,6.7748e+015
1.6,6.6079e+015,6.6092e+015
1.601,6.4189e+015,6.4201e+015
1.602,6.2613e+015,6.2625e+015
1.603,6.0814e+015,6.0825e+015
1.604,5.9316e+015,5.9327e+015
1.605,5.7604e+015,5.7614e+015
1.606,5.5994e+015,5.6003e+015
1.607,5.4552e+015,5.4561e+015
1.608,5.3019e+015,5.3028e+015
1.609,5.165e+015,5.1659e+015
1.61,5.0193e+015,5.0201e+015
1.611,4.8892e+015,4.8901e+015
1.612,4.7507e+015,4.7515e+015
1.613,4.6273e+015,4.628e+015
1.614,4.4956e+015,4.4963e+015
1.615,4.3784e+015,4.3792e+015
1.616,4.2533e+015,4.254e+015
1.617,4.1422e+015,4.1429e+015
1.618,4.0233e+015,4.024e+015
1.619,3.9179e+015,3.9186e+015
1.62,3.8051e+015,3.8057e+015
1.621,3.7051e+015,3.7057e+015
1.622,3.598e+015,3.5985e+015
1.623,3.5032e+015,3.5038e+015
1.624,3.4015e+015,3.402e+015
1.625,3.3117e+015,3.3123e+015
1.626,3.2152e+015,3.2157e+015
1.627,3.1301e+015,3.1306e+015
1.628,3.0386e+015,3.0391e+015
1.629,2.958e+015,2.9585e+015
1.63,2.8712e+015,2.8716e+015
1.631,2.7948e+015,2.7953e+015
1.632,2.7125e+015,2.7129e+015
1.633,2.6402e+015,2.6406e+015
1.634,2.5622e+015,2.5626e+015
1.635,2.4938e+015,2.4941e+015
1.636,2.4198e+015,2.4202e+015
1.637,2.3551e+015,2.3554e+015
1.638,2.285e+015,2.2853e+015
1.639,2.2237e+015,2.224e+015
1.64,2.1573e+015,2.1576e+015
1.641,2.0993e+015,2.0996e+015
1.642,2.0365e+015,2.0368e+015
1.643,1.9816e+015,1.9819e+015
1.644,1.9221e+015,1.9224e+015
1.645,1.8702e+015,1.8705e+015
1.646,1.8139e+015,1.8141e+015
1.647,1.7605e+015,1.7607e+015
1.648,1.7115e+015,1.7117e+015
1.649,1.661e+015,1.6612e+015
1.65,1.6147e+015,1.6149e+015
1.651,1.5668e+015,1.567e+015
1.652,1.5231e+015,1.5233e+015
1.653,1.4778e+015,1.478e+015
1.654,1.4365e+015,1.4367e+015
1.655,1.3937e+015,1.3939e+015
1.656,1.3547e+015,1.3549e+015
1.657,1.3142e+015,1.3143e+015
1.658,1.2773e+015,1.2775e+015
1.659,1.239e+015,1.2392e+015
1.66,1.2042e+015,1.2044e+015
1.661,1.168e+015,1.1682e+015
1.662,1.1352e+015,1.1353e+015
1.663,1.101e+015,1.1011e+015
1.664,1.0699e+015,1.0701e+015
1.665,1.0376e+015,1.0377e+015
1.666,1.0083e+015,1.0084e+015
1.667,9.7776e+014,9.7787e+014
1.668,9.5012e+014,9.5024e+014
1.669,9.2126e+014,9.2136e+014
1.67,8.9518e+014,8.9529e+014
1.671,8.6791e+014,8.6801e+014
1.672,8.4331e+014,8.4342e+014
1.673,8.1756e+014,8.1766e+014
1.674,7.9436e+014,7.9445e+014
1.675,7.7004e+014,7.7013e+014
1.676,7.4816e+014,7.4824e+014
1.677,7.252e+014,7.2528e+014
1.678,7.0456e+014,7.0464e+014
1.679,6.8289e+014,6.8296e+014
1.68,6.6343e+014,6.6351e+014
1.681,6.4297e+014,6.4304e+014
1.682,6.2463e+014,6.247e+014
1.683,6.0533e+014,6.0539e+014
1.684,5.8803e+014,5.881e+014
1.685,5.6982e+014,5.6988e+014
1.686,5.5352e+014,5.5358e+014
1.687,5.3634e+014,5.3639e+014
1.688,5.2098e+014,5.2104e+014
1.689,5.0477e+014,5.0482e+014
1.69,4.8933e+014,4.8938e+014
1.691,4.7501e+014,4.7506e+014
1.692,4.6045e+014,4.6049e+014
1.693,4.4696e+014,4.47e+014
1.694,4.3323e+014,4.3327e+014
1.695,4.2052e+014,4.2056e+014
1.696,4.0757e+014,4.0761e+014
1.697,3.956e+014,3.9564e+014
1.698,3.834e+014,3.8344e+014
1.699,3.7213e+014,3.7216e+014
1.7,3.6062e+014,3.6066e+014
1.701,3.5001e+014,3.5005e+014
1.702,3.3917e+014,3.392e+014
1.703,3.2918e+014,3.2921e+014
1.704,3.1896e+014,3.1899e+014
1.705,3.0955e+014,3.0958e+014
1.706,2.9993e+014,2.9995e+014
1.707,2.9107e+014,2.911e+014
1.708,2.82e+014,2.8203e+014
1.709,2.7367e+014,2.737e+014
1.71,2.6512e+014,2.6515e+014
1.711,2.5728e+014,2.5731e+014
1.712,2.4923e+014,2.4926e+014
1.713,2.4186e+014,2.4188e+014
1.714,2.3428e+014,2.343e+014
1.715,2.2733e+014,2.2736e+014
1.716,2.2019e+014,2.2021e+014
1.717,2.1366e+014,2.1369e+014
1.718,2.0694e+014,2.0696e+014
1.719,2.008e+014,2.0082e+014
1.72,1.9447e+014,1.9449e+014
1.721,1.8869e+014,1.8871e+014
1.722,1.8274e+014,1.8275e+014
1.723,1.773e+014,1.7732e+014
1.724,1.7169e+014,1.7171e+014
1.725,1.6659e+014,1.666e+014
1.726,1.6131e+014,1.6132e+014
1.727,1.565e+014,1.5652e+014
1.728,1.5153e+014,1.5155e+014
1.729,1.4702e+014,1.4703e+014
1.73,1.4234e+014,1.4236e+014
1.731,1.3788e+014,1.3789e+014
1.732,1.337e+014,1.3371e+014
1.733,1.295e+014,1.2951e+014
1.734,1.2557e+014,1.2558e+014
1.735,1.2162e+014,1.2163e+014
1.736,1.1792e+014,1.1793e+014
1.737,1.1421e+014,1.1422e+014
1.738,1.1074e+014,1.1075e+014
1.739,1.0724e+014,1.0725e+014
1.74,1.0398e+014,1.0399e+014
1.741,1.0069e+014,1.007e+014
1.742,9.7627e+013,9.7635e+013
1.743,9.4535e+013,9.4542e+013
1.744,9.1656e+013,9.1664e+013
1.745,8.8748e+013,8.8755e+013
1.746,8.6044e+013,8.6051e+013
1.747,8.331e+013,8.3316e+013
1.748,8.0769e+013,8.0776e+013
1.749,7.8199e+013,7.8205e+013
1.75,7.5813e+013,7.5819e+013
1.751,7.3396e+013,7.3402e+013
1.752,7.1155e+013,7.1161e+013
1.753,6.8884e+013,6.8889e+013
1.754,6.6779e+013,6.6784e+013
1.755,6.4644e+013,6.4649e+013
1.756,6.2668e+013,6.2673e+013
1.757,6.0661e+013,6.0666e+013
1.758,5.8806e+013,5.881e+013
1.759,5.692e+013,5.6924e+013
1.76,5.5178e+013,5.5182e+013
1.761,5.3406e+013,5.341e+013
1.762,5.177e+013,5.1774e+013
1.763,5.0105e+013,5.0109e+013
1.764,4.857e+013,4.8573e+013
1.765,4.7005e+013,4.7009e+013
1.766,4.5564e+013,4.5568e+013
1.767,4.4095e+013,4.4098e+013
1.768,4.2742e+013,4.2745e+013
1.769,4.1361e+013,4.1364e+013
1.77,4.0092e+013,4.0095e+013
1.771,3.8795e+013,3.8798e+013
1.772,3.7604e+013,3.7607e+013
1.773,3.6386e+013,3.6388e+013
1.774,3.5221e+013,3.5223e+013
1.775,3.4124e+013,3.4126e+013
1.776,3.303e+013,3.3032e+013
1.777,3.2001e+013,3.2003e+013
1.778,3.0973e+013,3.0975e+013
1.779,3.0008e+013,3.001e+013
1.78,2.9043e+013,2.9045e+013
1.781,2.8137e+013,2.8139e+013
1.782,2.7232e+013,2.7233e+013
1.783,2.6382e+013,2.6384e+013
1.784,2.5531e+013,2.5533e+013
1.785,2.4734e+013,2.4736e+013
1.786,2.3936e+013,2.3938e+013
1.787,2.3188e+013,2.319e+013
1.788,2.2439e+013,2.2441e+013
1.789,2.1738e+013,2.1739e+013
1.79,2.1035e+013,2.1036e+013
1.791,2.0377e+013,2.0378e+013
1.792,1.9717e+013,1.9718e+013
1.793,1.91e+013,1.9101e+013
1.794,1.848e+013,1.8482e+013
1.795,1.7902e+013,1.7903e+013
1.796,1.7321e+013,1.7322e+013
1.797,1.6778e+013,1.678e+013
1.798,1.6233e+013,1.6234e+013
1.799,1.5724e+013,1.5726e+013
1.8,1.5213e+013,1.5214e+013
1.801,1.4736e+013,1.4737e+013
1.802,1.4256e+013,1.4256e+013
1.803,1.3809e+013,1.381e+013
1.804,1.3358e+013,1.3359e+013
1.805,1.2939e+013,1.294e+013
1.806,1.2516e+013,1.2517e+013
1.807,1.2124e+013,1.2125e+013
1.808,1.1727e+013,1.1728e+013
1.809,1.1359e+013,1.136e+013
1.81,1.0987e+013,1.0988e+013
1.811,1.0642e+013,1.0643e+013
1.812,1.0293e+013,1.0294e+013
1.813,9.9699e+012,9.9705e+012
1.814,9.6427e+012,9.6433e+012
1.815,9.3292e+012,9.3297e+012
1.816,9.0328e+012,9.0333e+012
1.817,8.7388e+012,8.7393e+012
1.818,8.461e+012,8.4615e+012
1.819,8.1853e+012,8.1858e+012
1.82,7.9251e+012,7.9256e+012
1.821,7.6666e+012,7.667e+012
1.822,7.4227e+012,7.4232e+012
1.823,7.1803e+012,7.1807e+012
1.824,6.9518e+012,6.9523e+012
1.825,6.7246e+012,6.725e+012
1.826,6.5105e+012,6.5109e+012
1.827,6.2975e+012,6.2979e+012
1.828,6.097e+012,6.0973e+012
1.829,5.8972e+012,5.8976e+012
1.83,5.7094e+012,5.7097e+012
1.831,5.5222e+012,5.5225e+012
1.832,5.3462e+012,5.3465e+012
1.833,5.1707e+012,5.171e+012
1.834,5.0059e+012,5.0062e+012
1.835,4.8414e+012,4.8416e+012
1.836,4.687e+012,4.6873e+012
1.837,4.5328e+012,4.5331e+012
1.838,4.3882e+012,4.3885e+012
1.839,4.2437e+012,4.244e+012
1.84,4.1083e+012,4.1086e+012
1.841,3.9729e+012,3.9731e+012
1.842,3.8461e+012,3.8463e+012
1.843,3.7192e+012,3.7194e+012
1.844,3.6004e+012,3.6007e+012
1.845,3.4815e+012,3.4817e+012
1.846,3.3703e+012,3.3705e+012
1.847,3.2589e+012,3.2591e+012
1.848,3.1548e+012,3.155e+012
1.849,3.0504e+012,3.0506e+012
1.85,2.9529e+012,2.9531e+012
1.851,2.8551e+012,2.8553e+012
1.852,2.7638e+012,2.764e+012
1.853,2.6722e+012,2.6724e+012
1.854,2.5868e+012,2.5869e+012
1.855,2.5009e+012,2.501e+012
1.856,2.4209e+012,2.421e+012
1.857,2.3405e+012,2.3406e+012
1.858,2.2634e+012,2.2635e+012
1.859,2.1903e+012,2.1904e+012
1.86,2.1181e+012,2.1182e+012
1.861,2.0496e+012,2.0497e+012
1.862,1.982e+012,1.9821e+012
1.863,1.9179e+012,1.918e+012
1.864,1.8546e+012,1.8547e+012
1.865,1.7946e+012,1.7947e+012
1.866,1.7353e+012,1.7354e+012
1.867,1.6792e+012,1.6792e+012
1.868,1.6236e+012,1.6237e+012
1.869,1.5711e+012,1.5711e+012
1.87,1.519e+012,1.5191e+012
1.871,1.4699e+012,1.47e+012
1.872,1.4211e+012,1.4212e+012
1.873,1.3752e+012,1.3752e+012
1.874,1.3295e+012,1.3296e+012
1.875,1.2865e+012,1.2865e+012
1.876,1.2438e+012,1.2438e+012
1.877,1.2035e+012,1.2035e+012
1.878,1.1635e+012,1.1635e+012
1.879,1.1258e+012,1.1259e+012
1.88,1.0883e+012,1.0884e+012
1.881,1.0531e+012,1.0531e+012
1.882,1.018e+012,1.0181e+012
1.883,9.8503e+011,9.8508e+011
1.884,9.522e+011,9.5225e+011
1.885,9.2134e+011,9.2139e+011
1.886,8.9061e+011,8.9065e+011
1.887,8.6174e+011,8.6178e+011
1.888,8.3297e+011,8.3301e+011
1.889,8.0596e+011,8.06e+011
1.89,7.7903e+011,7.7907e+011
1.891,7.5376e+011,7.538e+011
1.892,7.2856e+011,7.2859e+011
1.893,7.0492e+011,7.0496e+011
1.894,6.8133e+011,6.8137e+011
1.895,6.5922e+011,6.5926e+011
1.896,6.3715e+011,6.3718e+011
1.897,6.1647e+011,6.165e+011
1.898,5.958e+011,5.9583e+011
1.899,5.7597e+011,5.76e+011
1.9,5.5712e+011,5.5715e+011
1.901,5.3856e+011,5.3859e+011
1.902,5.2094e+011,5.2096e+011
1.903,5.0357e+011,5.0359e+011
1.904,4.8708e+011,4.871e+011
1.905,4.7083e+011,4.7085e+011
1.906,4.5541e+011,4.5543e+011
1.907,4.4021e+011,4.4023e+011
1.908,4.2579e+011,4.2581e+011
1.909,4.1156e+011,4.1158e+011
1.91,3.9808e+011,3.981e+011
1.911,3.8477e+011,3.8478e+011
1.912,3.7216e+011,3.7217e+011
1.913,3.597e+011,3.5972e+011
1.914,3.4791e+011,3.4793e+011
1.915,3.3626e+011,3.3628e+011
1.916,3.2524e+011,3.2525e+011
1.917,3.1434e+011,3.1435e+011
1.918,3.0403e+011,3.0405e+011
1.919,2.9383e+011,2.9385e+011
1.92,2.842e+011,2.8421e+011
1.921,2.7466e+011,2.7467e+011
1.922,2.6565e+011,2.6566e+011
1.923,2.5673e+011,2.5674e+011
1.924,2.483e+011,2.4831e+011
1.925,2.3996e+011,2.3997e+011
1.926,2.3208e+011,2.3209e+011
1.927,2.2428e+011,2.2429e+011
1.928,2.1692e+011,2.1693e+011
1.929,2.0961e+011,2.0962e+011
1.93,2.0273e+011,2.0274e+011
1.931,1.959e+011,1.9591e+011
1.932,1.8947e+011,1.8948e+011
1.933,1.8308e+011,1.8309e+011
1.934,1.7707e+011,1.7708e+011
1.935,1.711e+011,1.7111e+011
1.936,1.6548e+011,1.6549e+011
1.937,1.5989e+011,1.599e+011
1.938,1.5464e+011,1.5465e+011
1.939,1.4942e+011,1.4942e+011
1.94,1.4451e+011,1.4451e+011
1.941,1.3962e+011,1.3963e+011
1.942,1.3493e+011,1.3494e+011
1.943,1.3047e+011,1.3047e+011
1.944,1.2608e+011,1.2608e+011
1.945,1.2191e+011,1.2191e+011
1.946,1.1781e+011,1.1781e+011
1.947,1.1391e+011,1.1391e+011
1.948,1.1007e+011,1.1007e+011
1.949,1.0643e+011,1.0643e+011
1.95,1.0284e+011,1.0284e+011
1.951,9.9435e+010,9.9439e+010
1.952,9.6083e+010,9.6087e+010
1.953,9.2901e+010,9.2904e+010
1.954,8.9767e+010,8.9771e+010
1.955,8.6793e+010,8.6797e+010
1.956,8.3864e+010,8.3867e+010
1.957,8.1085e+010,8.1088e+010
1.958,7.8346e+010,7.8349e+010
1.959,7.575e+010,7.5753e+010
1.96,7.319e+010,7.3193e+010
1.961,7.0764e+010,7.0767e+010
1.962,6.8371e+010,6.8374e+010
1.963,6.6104e+010,6.6107e+010
1.964,6.3868e+010,6.387e+010
1.965,6.175e+010,6.1752e+010
1.966,5.9659e+010,5.9661e+010
1.967,5.7681e+010,5.7683e+010
1.968,5.5726e+010,5.5729e+010
1.969,5.3878e+010,5.388e+010
1.97,5.2052e+010,5.2054e+010
1.971,5.0325e+010,5.0327e+010
1.972,4.8618e+010,4.862e+010
1.973,4.7005e+010,4.7007e+010
1.974,4.5409e+010,4.5411e+010
1.975,4.3903e+010,4.3904e+010
1.976,4.2411e+010,4.2413e+010
1.977,4.1004e+010,4.1006e+010
1.978,3.961e+010,3.9612e+010
1.979,3.8296e+010,3.8297e+010
1.98,3.6993e+010,3.6995e+010
1.981,3.5765e+010,3.5767e+010
1.982,3.4548e+010,3.455e+010
1.983,3.3401e+010,3.3403e+010
1.984,3.2264e+010,3.2265e+010
1.985,3.1171e+010,3.1172e+010
1.986,3.013e+010,3.0131e+010
1.987,2.9109e+010,2.911e+010
1.988,2.8136e+010,2.8137e+010
1.989,2.7183e+010,2.7183e+010
1.99,2.6274e+010,2.6275e+010
1.991,2.5383e+010,2.5384e+010
1.992,2.4534e+010,2.4535e+010
1.993,2.3702e+010,2.3702e+010
1.994,2.2909e+010,2.291e+010
1.995,2.2131e+010,2.2132e+010
1.996,2.1391e+010,2.1392e+010
1.997,2.0664e+010,2.0665e+010
1.998,1.9974e+010,1.9974e+010
1.999,1.9294e+010,1.9295e+010
2,1.8649e+010,1.865e+010
