0,0,-0
0.001,1.5053e+008,-2.879e+006
0.002,6.1165e+008,-1.2905e+007
0.003,1.3958e+009,-5.6314e+007
0.004,2.5207e+009,-1.0674e+008
0.005,3.9945e+009,-2.4652e+008
0.006,5.8431e+009,-3.7246e+008
0.007,8.0661e+009,-6.7139e+008
0.008,1.0702e+010,-9.1279e+008
0.009,1.3737e+010,-1.4411e+009
0.01,1.7227e+010,-1.8432e+009
0.011,2.1141e+010,-2.6793e+009
0.012,2.5558e+010,-3.2931e+009
0.013,3.042e+010,-4.524e+009
0.014,3.5838e+010,-5.4065e+009
0.015,4.1724e+010,-7.1287e+009
0.016,4.8223e+010,-8.3439e+009
0.017,5.5211e+010,-1.0664e+010
0.018,6.2876e+010,-1.2283e+010
0.019,7.1049e+010,-1.5318e+010
0.02,7.9969e+010,-1.742e+010
0.021,8.9415e+010,-2.13e+010
0.022,9.9684e+010,-2.3972e+010
0.023,1.1049e+011,-2.8839e+010
0.024,1.2221e+011,-3.2177e+010
0.025,1.3449e+011,-3.8185e+010
0.026,1.4776e+011,-4.2297e+010
0.027,1.616e+011,-4.9616e+010
0.028,1.7653e+011,-5.4618e+010
0.029,1.9204e+011,-6.3435e+010
0.03,2.0876e+011,-6.9455e+010
0.031,2.2606e+011,-7.997e+010
0.032,2.4469e+011,-8.7149e+010
0.033,2.6389e+011,-9.9583e+010
0.034,2.8455e+011,-1.0807e+011
0.035,3.0579e+011,-1.2267e+011
0.036,3.2863e+011,-1.3264e+011
0.037,3.5203e+011,-1.4965e+011
0.038,3.7718e+011,-1.6128e+011
0.039,4.0289e+011,-1.8099e+011
0.04,4.3051e+011,-1.9449e+011
0.041,4.5868e+011,-2.1719e+011
0.042,4.8892e+011,-2.3278e+011
0.043,5.197e+011,-2.5881e+011
0.044,5.5181e+011,-2.8696e+011
0.045,5.8629e+011,-3.0643e+011
0.046,6.2125e+011,-3.3848e+011
0.047,6.5879e+011,-3.6069e+011
0.048,6.9678e+011,-3.9704e+011
0.049,7.3757e+011,-4.2228e+011
0.05,7.7878e+011,-4.6337e+011
0.051,8.2302e+011,-4.9195e+011
0.052,8.6763e+011,-5.3824e+011
0.053,9.1554e+011,-5.705e+011
0.054,9.6375e+011,-6.2249e+011
0.055,1.0155e+012,-6.588e+011
0.056,1.0676e+012,-7.1703e+011
0.057,1.1235e+012,-7.5777e+011
0.058,1.1795e+012,-8.2282e+011
0.059,1.2398e+012,-8.6844e+011
0.06,1.3002e+012,-9.4092e+011
0.061,1.365e+012,-9.9186e+011
0.062,1.4299e+012,-1.0725e+012
0.063,1.4997e+012,-1.1292e+012
0.064,1.5693e+012,-1.2186e+012
0.065,1.6442e+012,-1.2817e+012
0.066,1.7189e+012,-1.3807e+012
0.067,1.7993e+012,-1.4508e+012
0.068,1.8793e+012,-1.5602e+012
0.069,1.9655e+012,-1.6377e+012
0.07,2.0511e+012,-1.7584e+012
0.071,2.1434e+012,-1.8442e+012
0.072,2.2349e+012,-1.9771e+012
0.073,2.3336e+012,-2.0717e+012
0.074,2.4314e+012,-2.2179e+012
0.075,2.5369e+012,-2.3222e+012
0.076,2.6413e+012,-2.4826e+012
0.077,2.7539e+012,-2.5974e+012
0.078,2.8653e+012,-2.7733e+012
0.079,2.9855e+012,-2.8993e+012
0.08,3.1041e+012,-3.0919e+012
0.081,3.2323e+012,-3.2303e+012
0.082,3.3586e+012,-3.4408e+012
0.083,3.4952e+012,-3.5924e+012
0.084,3.6296e+012,-3.8223e+012
0.085,3.7682e+012,-4.064e+012
0.086,3.918e+012,-4.239e+012
0.087,4.0653e+012,-4.5024e+012
0.088,4.2247e+012,-4.6936e+012
0.089,4.3811e+012,-4.9803e+012
0.09,4.5506e+012,-5.1889e+012
0.091,4.7167e+012,-5.5008e+012
0.092,4.8967e+012,-5.7282e+012
0.093,5.073e+012,-6.0671e+012
0.094,5.2641e+012,-6.3146e+012
0.095,5.4511e+012,-6.6825e+012
0.096,5.6539e+012,-6.9518e+012
0.097,5.852e+012,-7.3507e+012
0.098,6.0672e+012,-7.6433e+012
0.099,6.2771e+012,-8.0756e+012
0.1,6.5051e+012,-8.3932e+012
0.101,6.7274e+012,-8.8612e+012
0.102,6.969e+012,-9.2058e+012
0.103,7.2042e+012,-9.712e+012
0.104,7.4601e+012,-1.0086e+013
0.105,7.709e+012,-1.0633e+013
0.106,7.9798e+012,-1.1037e+013
0.107,8.2429e+012,-1.1628e+013
0.108,8.5295e+012,-1.2066e+013
0.109,8.8076e+012,-1.2704e+013
0.11,9.1107e+012,-1.3177e+013
0.111,9.4045e+012,-1.3865e+013
0.112,9.7249e+012,-1.4376e+013
0.113,1.0035e+013,-1.5117e+013
0.114,1.0374e+013,-1.567e+013
0.115,1.0701e+013,-1.6468e+013
0.116,1.1059e+013,-1.7064e+013
0.117,1.1404e+013,-1.7923e+013
0.118,1.1782e+013,-1.8566e+013
0.119,1.2146e+013,-1.949e+013
0.12,1.2545e+013,-2.0182e+013
0.121,1.2929e+013,-2.1176e+013
0.122,1.335e+013,-2.1922e+013
0.123,1.3755e+013,-2.2989e+013
0.124,1.4198e+013,-2.3792e+013
0.125,1.4625e+013,-2.4938e+013
0.126,1.5092e+013,-2.5802e+013
0.127,1.5542e+013,-2.7032e+013
0.128,1.6003e+013,-2.8312e+013
0.129,1.6508e+013,-2.928e+013
0.13,1.6993e+013,-3.0652e+013
0.131,1.7526e+013,-3.1692e+013
0.132,1.8036e+013,-3.3162e+013
0.133,1.8597e+013,-3.4279e+013
0.134,1.9134e+013,-3.5854e+013
0.135,1.9724e+013,-3.7052e+013
0.136,2.0289e+013,-3.8738e+013
0.137,2.091e+013,-4.0023e+013
0.138,2.1504e+013,-4.1828e+013
0.139,2.2158e+013,-4.3205e+013
0.14,2.2782e+013,-4.5136e+013
0.141,2.3469e+013,-4.6611e+013
0.142,2.4126e+013,-4.8676e+013
0.143,2.4848e+013,-5.0256e+013
0.144,2.5538e+013,-5.2462e+013
0.145,2.6298e+013,-5.4153e+013
0.146,2.7022e+013,-5.6511e+013
0.147,2.782e+013,-5.832e+013
0.148,2.858e+013,-6.0838e+013
0.149,2.942e+013,-6.2773e+013
0.15,3.0218e+013,-6.546e+013
0.151,3.1099e+013,-6.7529e+013
0.152,3.1936e+013,-7.0397e+013
0.153,3.2862e+013,-7.2608e+013
0.154,3.3741e+013,-7.5666e+013
0.155,3.4713e+013,-7.8028e+013
0.156,3.5634e+013,-8.1289e+013
0.157,3.6655e+013,-8.3811e+013
0.158,3.7621e+013,-8.7287e+013
0.159,3.8692e+013,-8.9979e+013
0.16,3.9705e+013,-9.3682e+013
0.161,4.0828e+013,-9.6554e+013
0.162,4.189e+013,-1.005e+014
0.163,4.3069e+013,-1.0356e+014
0.164,4.4182e+013,-1.0776e+014
0.165,4.5417e+013,-1.1103e+014
0.166,4.6583e+013,-1.155e+014
0.167,4.7879e+013,-1.1898e+014
0.168,4.91e+013,-1.2374e+014
0.169,5.0348e+013,-1.2866e+014
0.17,5.1737e+013,-1.325e+014
0.171,5.3044e+013,-1.3774e+014
0.172,5.45e+013,-1.4184e+014
0.173,5.5868e+013,-1.474e+014
0.174,5.7393e+013,-1.5176e+014
0.175,5.8825e+013,-1.5768e+014
0.176,6.0423e+013,-1.6232e+014
0.177,6.1921e+013,-1.686e+014
0.178,6.3594e+013,-1.7354e+014
0.179,6.5162e+013,-1.8022e+014
0.18,6.6914e+013,-1.8546e+014
0.181,6.8554e+013,-1.9255e+014
0.182,7.0388e+013,-1.9814e+014
0.183,7.2103e+013,-2.0566e+014
0.184,7.4023e+013,-2.116e+014
0.185,7.5816e+013,-2.1958e+014
0.186,7.7825e+013,-2.2589e+014
0.187,7.97e+013,-2.3436e+014
0.188,8.1802e+013,-2.4106e+014
0.189,8.3761e+013,-2.5005e+014
0.19,8.596e+013,-2.5716e+014
0.191,8.8008e+013,-2.667e+014
0.192,9.0308e+013,-2.7425e+014
0.193,9.2447e+013,-2.8435e+014
0.194,9.4852e+013,-2.9237e+014
0.195,9.7087e+013,-3.0308e+014
0.196,9.9602e+013,-3.1159e+014
0.197,1.0194e+014,-3.2294e+014
0.198,1.0456e+014,-3.3196e+014
0.199,1.07e+014,-3.4399e+014
0.2,1.0975e+014,-3.5356e+014
0.201,1.123e+014,-3.663e+014
0.202,1.1517e+014,-3.7644e+014
0.203,1.1782e+014,-3.8993e+014
0.204,1.2082e+014,-4.0069e+014
0.205,1.236e+014,-4.1497e+014
0.206,1.2673e+014,-4.2637e+014
0.207,1.2962e+014,-4.4149e+014
0.208,1.329e+014,-4.5357e+014
0.209,1.3592e+014,-4.6956e+014
0.21,1.3934e+014,-4.8236e+014
0.211,1.4249e+014,-4.9928e+014
0.212,1.457e+014,-5.1675e+014
0.213,1.4934e+014,-5.3074e+014
0.214,1.5269e+014,-5.4921e+014
0.215,1.5649e+014,-5.6402e+014
0.216,1.5999e+014,-5.8355e+014
0.217,1.6396e+014,-5.9923e+014
0.218,1.676e+014,-6.1988e+014
0.219,1.7174e+014,-6.3647e+014
0.22,1.7554e+014,-6.5829e+014
0.221,1.7986e+014,-6.7585e+014
0.222,1.8382e+014,-6.9891e+014
0.223,1.8833e+014,-7.1749e+014
0.224,1.9245e+014,-7.4185e+014
0.225,1.9716e+014,-7.6149e+014
0.226,2.0146e+014,-7.8723e+014
0.227,2.0636e+014,-8.08e+014
0.228,2.1084e+014,-8.3519e+014
0.229,2.1595e+014,-8.5715e+014
0.23,2.2062e+014,-8.8586e+014
0.231,2.2595e+014,-9.0907e+014
0.232,2.3081e+014,-9.3938e+014
0.233,2.3637e+014,-9.6391e+014
0.234,2.4143e+014,-9.9591e+014
0.235,2.4722e+014,-1.0218e+015
0.236,2.5249e+014,-1.0556e+015
0.237,2.5853e+014,-1.083e+015
0.238,2.6401e+014,-1.1186e+015
0.239,2.7031e+014,-1.1475e+015
0.24,2.7602e+014,-1.1851e+015
0.241,2.8258e+014,-1.2157e+015
0.242,2.8851e+014,-1.2554e+015
0.243,2.9535e+014,-1.2876e+015
0.244,3.0153e+014,-1.3294e+015
0.245,3.0865e+014,-1.3635e+015
0.246,3.1508e+014,-1.4076e+015
0.247,3.2249e+014,-1.4435e+015
0.248,3.2918e+014,-1.4901e+015
0.249,3.369e+014,-1.528e+015
0.25,3.4386e+014,-1.5771e+015
0.251,3.5189e+014,-1.6171e+015
0.252,3.5913e+014,-1.6688e+015
0.253,3.665e+014,-1.722e+015
0.254,3.7502e+014,-1.7655e+015
0.255,3.8268e+014,-1.8216e+015
0.256,3.9156e+014,-1.8675e+015
0.257,3.9952e+014,-1.9266e+015
0.258,4.0875e+014,-1.975e+015
0.259,4.1703e+014,-2.0373e+015
0.26,4.2664e+014,-2.0883e+015
0.261,4.3524e+014,-2.1539e+015
0.262,4.4524e+014,-2.2077e+015
0.263,4.5418e+014,-2.2768e+015
0.264,4.6459e+014,-2.3335e+015
0.265,4.7387e+014,-2.4062e+015
0.266,4.8469e+014,-2.466e+015
0.267,4.9434e+014,-2.5426e+015
0.268,5.056e+014,-2.6056e+015
0.269,5.1562e+014,-2.6863e+015
0.27,5.2732e+014,-2.7526e+015
0.271,5.3773e+014,-2.8376e+015
0.272,5.499e+014,-2.9075e+015
0.273,5.6071e+014,-2.9969e+015
0.274,5.7337e+014,-3.0706e+015
0.275,5.8458e+014,-3.1647e+015
0.276,5.9774e+014,-3.2422e+015
0.277,6.0939e+014,-3.3413e+015
0.278,6.2306e+014,-3.423e+015
0.279,6.3515e+014,-3.5272e+015
0.28,6.4937e+014,-3.6132e+015
0.281,6.6191e+014,-3.7229e+015
0.282,6.7668e+014,-3.8134e+015
0.283,6.897e+014,-3.9288e+015
0.284,7.0505e+014,-4.0241e+015
0.285,7.1855e+014,-4.1455e+015
0.286,7.345e+014,-4.2458e+015
0.287,7.4851e+014,-4.3735e+015
0.288,7.6508e+014,-4.4791e+015
0.289,7.796e+014,-4.6133e+015
0.29,7.9681e+014,-4.7245e+015
0.291,8.1188e+014,-4.8656e+015
0.292,8.2975e+014,-4.9826e+015
0.293,8.4538e+014,-5.131e+015
0.294,8.6394e+014,-5.254e+015
0.295,8.8013e+014,-5.4101e+015
0.296,8.9659e+014,-5.5705e+015
0.297,9.1619e+014,-5.7035e+015
0.298,9.3325e+014,-5.8721e+015
0.299,9.536e+014,-6.0122e+015
0.3,9.7128e+014,-6.1893e+015
0.301,9.924e+014,-6.3366e+015
0.302,1.0107e+015,-6.5228e+015
0.303,1.0326e+015,-6.6776e+015
0.304,1.0516e+015,-6.8733e+015
0.305,1.0744e+015,-7.0361e+015
0.306,1.094e+015,-7.2417e+015
0.307,1.1176e+015,-7.4129e+015
0.308,1.138e+015,-7.6289e+015
0.309,1.1625e+015,-7.8089e+015
0.31,1.1836e+015,-8.0357e+015
0.311,1.209e+015,-8.225e+015
0.312,1.2308e+015,-8.4633e+015
0.313,1.2572e+015,-8.6622e+015
0.314,1.2798e+015,-8.9125e+015
0.315,1.3071e+015,-9.1215e+015
0.316,1.3305e+015,-9.3844e+015
0.317,1.3589e+015,-9.6041e+015
0.318,1.3831e+015,-9.8801e+015
0.319,1.4125e+015,-1.0111e+016
0.32,1.4375e+015,-1.0401e+016
0.321,1.468e+015,-1.0643e+016
0.322,1.4939e+015,-1.0948e+016
0.323,1.5255e+015,-1.1202e+016
0.324,1.5523e+015,-1.1522e+016
0.325,1.585e+015,-1.179e+016
0.326,1.6128e+015,-1.2125e+016
0.327,1.6467e+015,-1.2406e+016
0.328,1.6754e+015,-1.2758e+016
0.329,1.7105e+015,-1.3054e+016
0.33,1.7402e+015,-1.3423e+016
0.331,1.7766e+015,-1.3733e+016
0.332,1.8073e+015,-1.4121e+016
0.333,1.845e+015,-1.4447e+016
0.334,1.8767e+015,-1.4854e+016
0.335,1.9158e+015,-1.5196e+016
0.336,1.9486e+015,-1.5623e+016
0.337,1.9818e+015,-1.6061e+016
0.338,2.0229e+015,-1.643e+016
0.339,2.0572e+015,-1.689e+016
0.34,2.0998e+015,-1.7277e+016
0.341,2.1353e+015,-1.776e+016
0.342,2.1793e+015,-1.8166e+016
0.343,2.216e+015,-1.8672e+016
0.344,2.2615e+015,-1.9099e+016
0.345,2.2994e+015,-1.963e+016
0.346,2.3466e+015,-2.0078e+016
0.347,2.3856e+015,-2.0635e+016
0.348,2.4345e+015,-2.1104e+016
0.349,2.4748e+015,-2.1688e+016
0.35,2.5254e+015,-2.2182e+016
0.351,2.567e+015,-2.2794e+016
0.352,2.6193e+015,-2.3312e+016
0.353,2.6622e+015,-2.3954e+016
0.354,2.7163e+015,-2.4497e+016
0.355,2.7606e+015,-2.517e+016
0.356,2.8166e+015,-2.574e+016
0.357,2.8623e+015,-2.6446e+016
0.358,2.9202e+015,-2.7044e+016
0.359,2.9673e+015,-2.7784e+016
0.36,3.0272e+015,-2.8411e+016
0.361,3.0758e+015,-2.9187e+016
0.362,3.1377e+015,-2.9844e+016
0.363,3.1878e+015,-3.0658e+016
0.364,3.2517e+015,-3.1348e+016
0.365,3.3034e+015,-3.22e+016
0.366,3.3695e+015,-3.2924e+016
0.367,3.4228e+015,-3.3817e+016
0.368,3.4911e+015,-3.4576e+016
0.369,3.5459e+015,-3.5513e+016
0.37,3.6165e+015,-3.6308e+016
0.371,3.673e+015,-3.729e+016
0.372,3.746e+015,-3.8124e+016
0.373,3.8042e+015,-3.9153e+016
0.374,3.8795e+015,-4.0027e+016
0.375,3.9395e+015,-4.1105e+016
0.376,4.0173e+015,-4.2022e+016
0.377,4.079e+015,-4.3151e+016
0.378,4.1593e+015,-4.4112e+016
0.379,4.2228e+015,-4.5296e+016
0.38,4.287e+015,-4.651e+016
0.381,4.3711e+015,-4.7543e+016
0.382,4.4372e+015,-4.8815e+016
0.383,4.524e+015,-4.9898e+016
0.384,4.592e+015,-5.123e+016
0.385,4.6816e+015,-5.2366e+016
0.386,4.7514e+015,-5.3761e+016
0.387,4.8439e+015,-5.4951e+016
0.388,4.9157e+015,-5.6412e+016
0.389,5.0111e+015,-5.7659e+016
0.39,5.085e+015,-5.919e+016
0.391,5.1834e+015,-6.0497e+016
0.392,5.2592e+015,-6.21e+016
0.393,5.3608e+015,-6.3469e+016
0.394,5.4387e+015,-6.5148e+016
0.395,5.5434e+015,-6.6582e+016
0.396,5.6234e+015,-6.834e+016
0.397,5.7314e+015,-6.9843e+016
0.398,5.8135e+015,-7.1684e+016
0.399,5.9248e+015,-7.3259e+016
0.4,6.0091e+015,-7.5186e+016
0.401,6.1238e+015,-7.6835e+016
0.402,6.2103e+015,-7.8853e+016
0.403,6.3286e+015,-8.0581e+016
0.404,6.4173e+015,-8.2694e+016
0.405,6.5391e+015,-8.4504e+016
0.406,6.6301e+015,-8.6716e+016
0.407,6.7556e+015,-8.8611e+016
0.408,6.8489e+015,-9.0927e+016
0.409,6.9781e+015,-9.2912e+016
0.41,7.0737e+015,-9.5336e+016
0.411,7.2068e+015,-9.7415e+016
0.412,7.3048e+015,-9.9952e+016
0.413,7.4418e+015,-1.0213e+017
0.414,7.5421e+015,-1.0478e+017
0.415,7.6832e+015,-1.0706e+017
0.416,7.7858e+015,-1.0984e+017
0.417,7.931e+015,-1.1223e+017
0.418,8.0361e+015,-1.1514e+017
0.419,8.1855e+015,-1.1764e+017
0.42,8.293e+015,-1.2068e+017
0.421,8.4467e+015,-1.233e+017
0.422,8.5566e+015,-1.2648e+017
0.423,8.6672e+015,-1.2975e+017
0.424,8.827e+015,-1.3256e+017
0.425,8.94e+015,-1.3597e+017
0.426,9.1043e+015,-1.3891e+017
0.427,9.2198e+015,-1.4249e+017
0.428,9.3887e+015,-1.4556e+017
0.429,9.5066e+015,-1.493e+017
0.43,9.6802e+015,-1.5252e+017
0.431,9.8005e+015,-1.5643e+017
0.432,9.9789e+015,-1.5981e+017
0.433,1.0102e+016,-1.639e+017
0.434,1.0285e+016,-1.6743e+017
0.435,1.041e+016,-1.7171e+017
0.436,1.0598e+016,-1.754e+017
0.437,1.0726e+016,-1.7988e+017
0.438,1.0919e+016,-1.8374e+017
0.439,1.1049e+016,-1.8843e+017
0.44,1.1247e+016,-1.9247e+017
0.441,1.1379e+016,-1.9737e+017
0.442,1.1583e+016,-2.016e+017
0.443,1.1717e+016,-2.0672e+017
0.444,1.1926e+016,-2.1115e+017
0.445,1.2063e+016,-2.1651e+017
0.446,1.2277e+016,-2.2115e+017
0.447,1.2416e+016,-2.2675e+017
0.448,1.2636e+016,-2.316e+017
0.449,1.2777e+016,-2.3746e+017
0.45,1.3002e+016,-2.4253e+017
0.451,1.3146e+016,-2.4866e+017
0.452,1.3377e+016,-2.5396e+017
0.453,1.3522e+016,-2.6037e+017
0.454,1.3759e+016,-2.6592e+017
0.455,1.3906e+016,-2.7262e+017
0.456,1.4148e+016,-2.7843e+017
0.457,1.4298e+016,-2.8543e+017
0.458,1.4546e+016,-2.915e+017
0.459,1.4697e+016,-2.9883e+017
0.46,1.4951e+016,-3.0518e+017
0.461,1.5104e+016,-3.1284e+017
0.462,1.5364e+016,-3.1948e+017
0.463,1.5519e+016,-3.2749e+017
0.464,1.5673e+016,-3.3569e+017
0.465,1.5941e+016,-3.428e+017
0.466,1.6097e+016,-3.5137e+017
0.467,1.6371e+016,-3.5882e+017
0.468,1.6528e+016,-3.6778e+017
0.469,1.6808e+016,-3.7556e+017
0.47,1.6966e+016,-3.8493e+017
0.471,1.7252e+016,-3.9307e+017
0.472,1.7412e+016,-4.0286e+017
0.473,1.7704e+016,-4.1137e+017
0.474,1.7865e+016,-4.216e+017
0.475,1.8162e+016,-4.305e+017
0.476,1.8324e+016,-4.4119e+017
0.477,1.8628e+016,-4.505e+017
0.478,1.8791e+016,-4.6167e+017
0.479,1.9101e+016,-4.714e+017
0.48,1.9264e+016,-4.8308e+017
0.481,1.958e+016,-4.9325e+017
0.482,1.9743e+016,-5.0545e+017
0.483,2.0066e+016,-5.1609e+017
0.484,2.023e+016,-5.2884e+017
0.485,2.0558e+016,-5.3996e+017
0.486,2.0722e+016,-5.5328e+017
0.487,2.1057e+016,-5.649e+017
0.488,2.122e+016,-5.7882e+017
0.489,2.1562e+016,-5.9097e+017
0.49,2.1724e+016,-6.0552e+017
0.491,2.2072e+016,-6.1822e+017
0.492,2.2234e+016,-6.3341e+017
0.493,2.2588e+016,-6.4669e+017
0.494,2.2749e+016,-6.6257e+017
0.495,2.3109e+016,-6.7644e+017
0.496,2.327e+016,-6.9303e+017
0.497,2.3636e+016,-7.0753e+017
0.498,2.3795e+016,-7.2485e+017
0.499,2.4167e+016,-7.4001e+017
0.5,2.4325e+016,-7.5811e+017
0.501,2.4703e+016,-7.7395e+017
0.502,2.4859e+016,-7.9286e+017
0.503,2.5244e+016,-8.094e+017
0.504,2.5398e+016,-8.2916e+017
0.505,2.5789e+016,-8.4645e+017
0.506,2.5941e+016,-8.6708e+017
0.507,2.6091e+016,-8.8821e+017
0.508,2.6488e+016,-9.0671e+017
0.509,2.6636e+016,-9.2877e+017
0.51,2.7039e+016,-9.481e+017
0.511,2.7184e+016,-9.7114e+017
0.512,2.7593e+016,-9.9134e+017
0.513,2.7736e+016,-1.0154e+018
0.514,2.815e+016,-1.0365e+018
0.515,2.8291e+016,-1.0616e+018
0.516,2.8711e+016,-1.0837e+018
0.517,2.885e+016,-1.1099e+018
0.518,2.9275e+016,-1.133e+018
0.519,2.9411e+016,-1.1604e+018
0.52,2.9843e+016,-1.1844e+018
0.521,2.9976e+016,-1.213e+018
0.522,3.0413e+016,-1.2382e+018
0.523,3.0544e+016,-1.2681e+018
0.524,3.0987e+016,-1.2943e+018
0.525,3.1116e+016,-1.3255e+018
0.526,3.1565e+016,-1.353e+018
0.527,3.1691e+016,-1.3855e+018
0.528,3.2146e+016,-1.4142e+018
0.529,3.227e+016,-1.4482e+018
0.53,3.2731e+016,-1.4781e+018
0.531,3.2854e+016,-1.5136e+018
0.532,3.3321e+016,-1.5449e+018
0.533,3.3442e+016,-1.582e+018
0.534,3.3915e+016,-1.6146e+018
0.535,3.4035e+016,-1.6533e+018
0.536,3.4514e+016,-1.6874e+018
0.537,3.4633e+016,-1.7279e+018
0.538,3.512e+016,-1.7635e+018
0.539,3.5239e+016,-1.8056e+018
0.54,3.5732e+016,-1.8428e+018
0.541,3.5851e+016,-1.8869e+018
0.542,3.6351e+016,-1.9257e+018
0.543,3.6472e+016,-1.9717e+018
0.544,3.6979e+016,-2.0122e+018
0.545,3.7101e+016,-2.0602e+018
0.546,3.7617e+016,-2.1026e+018
0.547,3.7742e+016,-2.1527e+018
0.548,3.787e+016,-2.2039e+018
0.549,3.8393e+016,-2.2492e+018
0.55,3.8526e+016,-2.3027e+018
0.551,3.9057e+016,-2.3499e+018
0.552,3.9195e+016,-2.4057e+018
0.553,3.9736e+016,-2.4551e+018
0.554,3.988e+016,-2.5133e+018
0.555,4.0431e+016,-2.5648e+018
0.556,4.0582e+016,-2.6257e+018
0.557,4.1143e+016,-2.6794e+018
0.558,4.1303e+016,-2.7429e+018
0.559,4.1875e+016,-2.799e+018
0.56,4.2044e+016,-2.8653e+018
0.561,4.2628e+016,-2.9238e+018
0.562,4.2808e+016,-2.993e+018
0.563,4.3404e+016,-3.0541e+018
0.564,4.3597e+016,-3.1263e+018
0.565,4.4206e+016,-3.1901e+018
0.566,4.4413e+016,-3.2654e+018
0.567,4.5035e+016,-3.332e+018
0.568,4.5257e+016,-3.4106e+018
0.569,4.5894e+016,-3.4802e+018
0.57,4.6132e+016,-3.5621e+018
0.571,4.6785e+016,-3.6347e+018
0.572,4.7042e+016,-3.7203e+018
0.573,4.7711e+016,-3.796e+018
0.574,4.7987e+016,-3.8853e+018
0.575,4.8673e+016,-3.9644e+018
0.576,4.897e+016,-4.0575e+018
0.577,4.9675e+016,-4.14e+018
0.578,4.9994e+016,-4.2372e+018
0.579,5.0719e+016,-4.3233e+018
0.58,5.1062e+016,-4.4247e+018
0.581,5.1807e+016,-4.5146e+018
0.582,5.2175e+016,-4.6203e+018
0.583,5.2942e+016,-4.7142e+018
0.584,5.3338e+016,-4.8245e+018
0.585,5.4127e+016,-4.9224e+018
0.586,5.4551e+016,-5.0375e+018
0.587,5.5364e+016,-5.1396e+018
0.588,5.5818e+016,-5.2597e+018
0.589,5.6656e+016,-5.3663e+018
0.59,5.7141e+016,-5.4915e+018
0.591,5.765e+016,-5.6196e+018
0.592,5.8524e+016,-5.7334e+018
0.593,5.9067e+016,-5.867e+018
0.594,5.9968e+016,-5.9858e+018
0.595,6.0546e+016,-6.1251e+018
0.596,6.1478e+016,-6.2491e+018
0.597,6.2092e+016,-6.3944e+018
0.598,6.3054e+016,-6.5237e+018
0.599,6.3707e+016,-6.6753e+018
0.6,6.4701e+016,-6.8102e+018
0.601,6.5393e+016,-6.9683e+018
0.602,6.642e+016,-7.109e+018
0.603,6.7154e+016,-7.2739e+018
0.604,6.8215e+016,-7.4208e+018
0.605,6.8991e+016,-7.5928e+018
0.606,7.0089e+016,-7.7459e+018
0.607,7.0909e+016,-7.9253e+018
0.608,7.2045e+016,-8.0851e+018
0.609,7.291e+016,-8.2722e+018
0.61,7.4084e+016,-8.4389e+018
0.611,7.4997e+016,-8.634e+018
0.612,7.6212e+016,-8.8079e+018
0.613,7.7174e+016,-9.0113e+018
0.614,7.843e+016,-9.1927e+018
0.615,7.9442e+016,-9.4048e+018
0.616,8.0742e+016,-9.5941e+018
0.617,8.1805e+016,-9.8153e+018
0.618,8.315e+016,-1.0013e+019
0.619,8.4267e+016,-1.0243e+019
0.62,8.5659e+016,-1.0449e+019
0.621,8.6831e+016,-1.069e+019
0.622,8.8271e+016,-1.0904e+019
0.623,8.9499e+016,-1.1155e+019
0.624,9.099e+016,-1.1379e+019
0.625,9.2276e+016,-1.1641e+019
0.626,9.382e+016,-1.1874e+019
0.627,9.5166e+016,-1.2147e+019
0.628,9.6763e+016,-1.2391e+019
0.629,9.8171e+016,-1.2675e+019
0.63,9.9824e+016,-1.2929e+019
0.631,1.013e+017,-1.3225e+019
0.632,1.028e+017,-1.3529e+019
0.633,1.0454e+017,-1.3799e+019
0.634,1.0612e+017,-1.4115e+019
0.635,1.0792e+017,-1.4398e+019
0.636,1.0956e+017,-1.4727e+019
0.637,1.1142e+017,-1.5022e+019
0.638,1.1314e+017,-1.5365e+019
0.639,1.1507e+017,-1.5673e+019
0.64,1.1685e+017,-1.6031e+019
0.641,1.1885e+017,-1.6351e+019
0.642,1.2071e+017,-1.6724e+019
0.643,1.2277e+017,-1.7058e+019
0.644,1.2471e+017,-1.7447e+019
0.645,1.2685e+017,-1.7796e+019
0.646,1.2886e+017,-1.8201e+019
0.647,1.3107e+017,-1.8565e+019
0.648,1.3317e+017,-1.8987e+019
0.649,1.3546e+017,-1.9366e+019
0.65,1.3764e+017,-1.9807e+019
0.651,1.4001e+017,-2.0202e+019
0.652,1.4228e+017,-2.0661e+019
0.653,1.4473e+017,-2.1073e+019
0.654,1.4708e+017,-2.1552e+019
0.655,1.4962e+017,-2.1981e+019
0.656,1.5207e+017,-2.248e+019
0.657,1.5469e+017,-2.2927e+019
0.658,1.5723e+017,-2.3447e+019
0.659,1.5995e+017,-2.3914e+019
0.66,1.6259e+017,-2.4456e+019
0.661,1.654e+017,-2.4943e+019
0.662,1.6814e+017,-2.5508e+019
0.663,1.7105e+017,-2.6015e+019
0.664,1.7389e+017,-2.6603e+019
0.665,1.769e+017,-2.7132e+019
0.666,1.7984e+017,-2.7746e+019
0.667,1.8296e+017,-2.8297e+019
0.668,1.8601e+017,-2.8936e+019
0.669,1.8923e+017,-2.9511e+019
0.67,1.924e+017,-3.0177e+019
0.671,1.9574e+017,-3.0776e+019
0.672,1.9902e+017,-3.1471e+019
0.673,2.0247e+017,-3.2095e+019
0.674,2.0587e+017,-3.2819e+019
0.675,2.0935e+017,-3.3559e+019
0.676,2.1297e+017,-3.4224e+019
0.677,2.1657e+017,-3.4995e+019
0.678,2.2031e+017,-3.5688e+019
0.679,2.2404e+017,-3.6491e+019
0.68,2.2792e+017,-3.7214e+019
0.681,2.3178e+017,-3.8051e+019
0.682,2.3579e+017,-3.8804e+019
0.683,2.3978e+017,-3.9676e+019
0.684,2.4393e+017,-4.0461e+019
0.685,2.4807e+017,-4.137e+019
0.686,2.5236e+017,-4.2188e+019
0.687,2.5665e+017,-4.3135e+019
0.688,2.6108e+017,-4.3988e+019
0.689,2.6552e+017,-4.4974e+019
0.69,2.701e+017,-4.5863e+019
0.691,2.747e+017,-4.6891e+019
0.692,2.7944e+017,-4.7817e+019
0.693,2.8419e+017,-4.8888e+019
0.694,2.891e+017,-4.9854e+019
0.695,2.9402e+017,-5.0969e+019
0.696,2.9909e+017,-5.1975e+019
0.697,3.0418e+017,-5.3138e+019
0.698,3.0942e+017,-5.4186e+019
0.699,3.1469e+017,-5.5397e+019
0.7,3.2011e+017,-5.649e+019
0.701,3.2556e+017,-5.7751e+019
0.702,3.3116e+017,-5.889e+019
0.703,3.368e+017,-6.0204e+019
0.704,3.4259e+017,-6.139e+019
0.705,3.4842e+017,-6.276e+019
0.706,3.5441e+017,-6.3996e+019
0.707,3.6044e+017,-6.5422e+019
0.708,3.6663e+017,-6.671e+019
0.709,3.7286e+017,-6.8196e+019
0.71,3.7926e+017,-6.9538e+019
0.711,3.8571e+017,-7.1086e+019
0.712,3.9232e+017,-7.2484e+019
0.713,3.9899e+017,-7.4097e+019
0.714,4.0582e+017,-7.5554e+019
0.715,4.1272e+017,-7.7233e+019
0.716,4.1974e+017,-7.895e+019
0.717,4.2691e+017,-8.0501e+019
0.718,4.3417e+017,-8.2289e+019
0.719,4.4158e+017,-8.3905e+019
0.72,4.4908e+017,-8.5771e+019
0.721,4.5674e+017,-8.7455e+019
0.722,4.6449e+017,-8.94e+019
0.723,4.7241e+017,-9.1154e+019
0.724,4.8042e+017,-9.3182e+019
0.725,4.886e+017,-9.5014e+019
0.726,4.9687e+017,-9.7128e+019
0.727,5.0532e+017,-9.9038e+019
0.728,5.1388e+017,-1.0124e+020
0.729,5.2261e+017,-1.0323e+020
0.73,5.3145e+017,-1.0553e+020
0.731,5.4047e+017,-1.076e+020
0.732,5.496e+017,-1.0999e+020
0.733,5.5892e+017,-1.1216e+020
0.734,5.6836e+017,-1.1464e+020
0.735,5.7798e+017,-1.169e+020
0.736,5.8774e+017,-1.1949e+020
0.737,5.9768e+017,-1.2183e+020
0.738,6.0775e+017,-1.2453e+020
0.739,6.1802e+017,-1.2697e+020
0.74,6.2843e+017,-1.2977e+020
0.741,6.3904e+017,-1.3232e+020
0.742,6.4979e+017,-1.3523e+020
0.743,6.6074e+017,-1.3788e+020
0.744,6.7185e+017,-1.4091e+020
0.745,6.8316e+017,-1.4367e+020
0.746,6.9463e+017,-1.4682e+020
0.747,7.0632e+017,-1.4969e+020
0.748,7.1817e+017,-1.5296e+020
0.749,7.3023e+017,-1.5595e+020
0.75,7.4247e+017,-1.5935e+020
0.751,7.5492e+017,-1.6246e+020
0.752,7.6756e+017,-1.6599e+020
0.753,7.8042e+017,-1.6923e+020
0.754,7.9347e+017,-1.729e+020
0.755,8.0675e+017,-1.7626e+020
0.756,8.2023e+017,-1.8008e+020
0.757,8.3394e+017,-1.8358e+020
0.758,8.4785e+017,-1.8753e+020
0.759,8.6199e+017,-1.9158e+020
0.76,8.7637e+017,-1.9529e+020
0.761,8.9097e+017,-1.9948e+020
0.762,9.0581e+017,-2.0334e+020
0.763,9.2088e+017,-2.077e+020
0.764,9.362e+017,-2.1171e+020
0.765,9.5176e+017,-2.1623e+020
0.766,9.6757e+017,-2.204e+020
0.767,9.8363e+017,-2.2509e+020
0.768,9.9995e+017,-2.2943e+020
0.769,1.0165e+018,-2.343e+020
0.77,1.0334e+018,-2.3881e+020
0.771,1.0505e+018,-2.4386e+020
0.772,1.0679e+018,-2.4855e+020
0.773,1.0855e+018,-2.5378e+020
0.774,1.1035e+018,-2.5866e+020
0.775,1.1217e+018,-2.6409e+020
0.776,1.1402e+018,-2.6916e+020
0.777,1.159e+018,-2.748e+020
0.778,1.1781e+018,-2.8007e+020
0.779,1.1975e+018,-2.8591e+020
0.78,1.2172e+018,-2.9139e+020
0.781,1.2372e+018,-2.9745e+020
0.782,1.2575e+018,-3.0314e+020
0.783,1.2782e+018,-3.0943e+020
0.784,1.2992e+018,-3.1534e+020
0.785,1.3205e+018,-3.2186e+020
0.786,1.3421e+018,-3.28e+020
0.787,1.3641e+018,-3.3476e+020
0.788,1.3864e+018,-3.4114e+020
0.789,1.4091e+018,-3.4816e+020
0.79,1.4321e+018,-3.5478e+020
0.791,1.4554e+018,-3.6206e+020
0.792,1.4792e+018,-3.6894e+020
0.793,1.5033e+018,-3.7648e+020
0.794,1.5278e+018,-3.8363e+020
0.795,1.5527e+018,-3.9145e+020
0.796,1.5779e+018,-3.9887e+020
0.797,1.6035e+018,-4.0698e+020
0.798,1.6296e+018,-4.1469e+020
0.799,1.656e+018,-4.231e+020
0.8,1.6829e+018,-4.311e+020
0.801,1.7101e+018,-4.3982e+020
0.802,1.7378e+018,-4.4872e+020
0.803,1.7659e+018,-4.5717e+020
0.804,1.7945e+018,-4.6639e+020
0.805,1.8235e+018,-4.7519e+020
0.806,1.8529e+018,-4.8473e+020
0.807,1.8828e+018,-4.9386e+020
0.808,1.9131e+018,-5.0375e+020
0.809,1.9439e+018,-5.1323e+020
0.81,1.9751e+018,-5.2349e+020
0.811,2.0069e+018,-5.3333e+020
0.812,2.0391e+018,-5.4396e+020
0.813,2.0718e+018,-5.5417e+020
0.814,2.105e+018,-5.6519e+020
0.815,2.1388e+018,-5.7579e+020
0.816,2.173e+018,-5.8722e+020
0.817,2.2077e+018,-5.9822e+020
0.818,2.243e+018,-6.1006e+020
0.819,2.2788e+018,-6.2148e+020
0.82,2.3151e+018,-6.3376e+020
0.821,2.352e+018,-6.4561e+020
0.822,2.3895e+018,-6.5834e+020
0.823,2.4275e+018,-6.7064e+020
0.824,2.466e+018,-6.8382e+020
0.825,2.5052e+018,-6.9659e+020
0.826,2.5449e+018,-7.1026e+020
0.827,2.5853e+018,-7.2351e+020
0.828,2.6262e+018,-7.3768e+020
0.829,2.6678e+018,-7.5142e+020
0.83,2.7099e+018,-7.6611e+020
0.831,2.7527e+018,-7.8038e+020
0.832,2.7961e+018,-7.956e+020
0.833,2.8402e+018,-8.104e+020
0.834,2.8849e+018,-8.2618e+020
0.835,2.9303e+018,-8.4154e+020
0.836,2.9764e+018,-8.5789e+020
0.837,3.0231e+018,-8.7383e+020
0.838,3.0705e+018,-8.9078e+020
0.839,3.1186e+018,-9.0732e+020
0.84,3.1675e+018,-9.2489e+020
0.841,3.217e+018,-9.4206e+020
0.842,3.2673e+018,-9.6027e+020
0.843,3.3183e+018,-9.7884e+020
0.844,3.37e+018,-9.9695e+020
0.845,3.4225e+018,-1.0162e+021
0.846,3.4758e+018,-1.035e+021
0.847,3.5298e+018,-1.055e+021
0.848,3.5846e+018,-1.0745e+021
0.849,3.6402e+018,-1.0952e+021
0.85,3.6966e+018,-1.1154e+021
0.851,3.7538e+018,-1.1368e+021
0.852,3.8119e+018,-1.1579e+021
0.853,3.8708e+018,-1.1801e+021
0.854,3.9305e+018,-1.2019e+021
0.855,3.9911e+018,-1.2249e+021
0.856,4.0526e+018,-1.2476e+021
0.857,4.1149e+018,-1.2714e+021
0.858,4.1781e+018,-1.2949e+021
0.859,4.2422e+018,-1.3197e+021
0.86,4.3073e+018,-1.344e+021
0.861,4.3732e+018,-1.3697e+021
0.862,4.4401e+018,-1.395e+021
0.863,4.508e+018,-1.4216e+021
0.864,4.5767e+018,-1.4479e+021
0.865,4.6465e+018,-1.4755e+021
0.866,4.7173e+018,-1.5027e+021
0.867,4.789e+018,-1.5313e+021
0.868,4.8617e+018,-1.5597e+021
0.869,4.9355e+018,-1.5893e+021
0.87,5.0103e+018,-1.6187e+021
0.871,5.0861e+018,-1.6495e+021
0.872,5.163e+018,-1.68e+021
0.873,5.2409e+018,-1.7119e+021
0.874,5.32e+018,-1.7436e+021
0.875,5.4001e+018,-1.7768e+021
0.876,5.4813e+018,-1.8097e+021
0.877,5.5636e+018,-1.844e+021
0.878,5.6471e+018,-1.8782e+021
0.879,5.7317e+018,-1.9139e+021
0.88,5.8175e+018,-1.9494e+021
0.881,5.9044e+018,-1.9864e+021
0.882,5.9925e+018,-2.0233e+021
0.883,6.0819e+018,-2.0617e+021
0.884,6.1724e+018,-2.1e+021
0.885,6.2641e+018,-2.1399e+021
0.886,6.3571e+018,-2.1807e+021
0.887,6.4514e+018,-2.2212e+021
0.888,6.5469e+018,-2.2636e+021
0.889,6.6437e+018,-2.3058e+021
0.89,6.7417e+018,-2.3497e+021
0.891,6.8411e+018,-2.3935e+021
0.892,6.9418e+018,-2.4392e+021
0.893,7.0439e+018,-2.4848e+021
0.894,7.1473e+018,-2.5322e+021
0.895,7.252e+018,-2.5797e+021
0.896,7.3581e+018,-2.629e+021
0.897,7.4657e+018,-2.6784e+021
0.898,7.5746e+018,-2.7297e+021
0.899,7.6849e+018,-2.7811e+021
0.9,7.7967e+018,-2.8345e+021
0.901,7.91e+018,-2.888e+021
0.902,8.0247e+018,-2.9436e+021
0.903,8.1409e+018,-2.9993e+021
0.904,8.2585e+018,-3.0572e+021
0.905,8.3777e+018,-3.1153e+021
0.906,8.4985e+018,-3.1756e+021
0.907,8.6207e+018,-3.2362e+021
0.908,8.7445e+018,-3.299e+021
0.909,8.8699e+018,-3.3622e+021
0.91,8.9969e+018,-3.4277e+021
0.911,9.1254e+018,-3.4936e+021
0.912,9.2556e+018,-3.562e+021
0.913,9.3874e+018,-3.6309e+021
0.914,9.5209e+018,-3.7023e+021
0.915,9.656e+018,-3.7742e+021
0.916,9.7928e+018,-3.8488e+021
0.917,9.9312e+018,-3.9241e+021
0.918,1.0071e+019,-4.002e+021
0.919,1.0213e+019,-4.0808e+021
0.92,1.0357e+019,-4.1624e+021
0.921,1.0502e+019,-4.2449e+021
0.922,1.0649e+019,-4.3303e+021
0.923,1.0798e+019,-4.4168e+021
0.924,1.0949e+019,-4.5063e+021
0.925,1.1102e+019,-4.5971e+021
0.926,1.1256e+019,-4.691e+021
0.927,1.1412e+019,-4.7876e+021
0.928,1.157e+019,-4.885e+021
0.929,1.173e+019,-4.9865e+021
0.93,1.1892e+019,-5.0891e+021
0.931,1.2056e+019,-5.1958e+021
0.932,1.2221e+019,-5.3041e+021
0.933,1.2389e+019,-5.4164e+021
0.934,1.2558e+019,-5.5306e+021
0.935,1.2729e+019,-5.6491e+021
0.936,1.2903e+019,-5.7698e+021
0.937,1.3078e+019,-5.8951e+021
0.938,1.3255e+019,-6.0228e+021
0.939,1.3435e+019,-6.1554e+021
0.94,1.3616e+019,-6.2909e+021
0.941,1.3799e+019,-6.4316e+021
0.942,1.3985e+019,-6.5754e+021
0.943,1.4172e+019,-6.725e+021
0.944,1.4362e+019,-6.8782e+021
0.945,1.4553e+019,-7.0375e+021
0.946,1.4747e+019,-7.201e+021
0.947,1.4942e+019,-7.3711e+021
0.948,1.514e+019,-7.546e+021
0.949,1.534e+019,-7.7282e+021
0.95,1.5542e+019,-7.9158e+021
0.951,1.5747e+019,-8.1115e+021
0.952,1.5953e+019,-8.3133e+021
0.953,1.6161e+019,-8.5242e+021
0.954,1.6372e+019,-8.7421e+021
0.955,1.6585e+019,-8.9701e+021
0.956,1.68e+019,-9.2063e+021
0.957,1.7017e+019,-9.4537e+021
0.958,1.7236e+019,-9.7107e+021
0.959,1.7458e+019,-9.9804e+021
0.96,1.7682e+019,-1.0261e+022
0.961,1.7908e+019,-1.0557e+022
0.962,1.8136e+019,-1.0865e+022
0.963,1.8367e+019,-1.119e+022
0.964,1.8599e+019,-1.1531e+022
0.965,1.8834e+019,-1.1891e+022
0.966,1.9071e+019,-1.227e+022
0.967,1.9311e+019,-1.2671e+022
0.968,1.9552e+019,-1.3095e+022
0.969,1.9796e+019,-1.3546e+022
0.97,2.0042e+019,-1.4025e+022
0.971,2.029e+019,-1.4534e+022
0.972,2.0541e+019,-1.5079e+022
0.973,2.0794e+019,-1.5661e+022
0.974,2.1049e+019,-1.6288e+022
0.975,2.1306e+019,-1.6961e+022
0.976,2.1566e+019,-1.7689e+022
0.977,2.1827e+019,-1.8477e+022
0.978,2.2091e+019,-1.9336e+022
0.979,2.2357e+019,-2.0272e+022
0.98,2.2626e+019,-2.1301e+022
0.981,2.2896e+019,-2.2433e+022
0.982,2.3169e+019,-2.3691e+022
0.983,2.3444e+019,-2.5091e+022
0.984,2.3721e+019,-2.6664e+022
0.985,2.4e+019,-2.8442e+022
0.986,2.4282e+019,-3.0472e+022
0.987,2.4565e+019,-3.2808e+022
0.988,2.4851e+019,-3.5531e+022
0.989,2.5139e+019,-3.8742e+022
0.99,2.5429e+019,-4.2592e+022
0.991,2.5721e+019,-4.7288e+022
0.992,2.6015e+019,-5.3155e+022
0.993,2.6311e+019,-6.0687e+022
0.994,2.6609e+019,-7.0724e+022
0.995,2.6909e+019,-8.4761e+022
0.996,2.7211e+019,-1.0581e+023
0.997,2.7515e+019,-1.4086e+023
0.998,2.7821e+019,-2.1095e+023
0.999,2.8129e+019,-4.2115e+023
1,2.8439e+019,Inf
1.001,2.875e+019,4.195e+023
1.002,2.9063e+019,2.093e+023
1.003,2.9379e+019,1.3921e+023
1.004,2.9695e+019,1.0416e+023
1.005,3.0014e+019,8.3116e+022
1.006,3.0334e+019,6.9079e+022
1.007,3.0656e+019,5.9044e+022
1.008,3.098e+019,5.1513e+022
1.009,3.1305e+019,4.5649e+022
1.01,3.1631e+019,4.0954e+022
1.011,3.196e+019,3.711e+022
1.012,3.2289e+019,3.3898e+022
1.013,3.262e+019,3.1181e+022
1.014,3.2952e+019,2.8844e+022
1.015,3.3286e+019,2.682e+022
1.016,3.3621e+019,2.5044e+022
1.017,3.3957e+019,2.3475e+022
1.018,3.4294e+019,2.2077e+022
1.019,3.4632e+019,2.0825e+022
1.02,3.4971e+019,1.9695e+022
1.021,3.5311e+019,1.8672e+022
1.022,3.5653e+019,1.7739e+022
1.023,3.5994e+019,1.6886e+022
1.024,3.6337e+019,1.6102e+022
1.025,3.6681e+019,1.538e+022
1.026,3.7025e+019,1.4711e+022
1.027,3.737e+019,1.4091e+022
1.028,3.7715e+019,1.3513e+022
1.029,3.8061e+019,1.2975e+022
1.03,3.8407e+019,1.2471e+022
1.031,3.8753e+019,1.1999e+022
1.032,3.91e+019,1.1554e+022
1.033,3.9446e+019,1.1137e+022
1.034,3.9793e+019,1.0742e+022
1.035,4.014e+019,1.037e+022
1.036,4.0487e+019,1.0017e+022
1.037,4.0833e+019,9.6828e+021
1.038,4.1179e+019,9.3653e+021
1.039,4.1525e+019,9.0636e+021
1.04,4.1871e+019,8.7762e+021
1.041,4.2215e+019,8.5023e+021
1.042,4.256e+019,8.2409e+021
1.043,4.2903e+019,7.9912e+021
1.044,4.3246e+019,7.7523e+021
1.045,4.3588e+019,7.5236e+021
1.046,4.3929e+019,7.3045e+021
1.047,4.4268e+019,7.0942e+021
1.048,4.4607e+019,6.8924e+021
1.049,4.4944e+019,6.6985e+021
1.05,4.528e+019,6.5121e+021
1.051,4.5614e+019,6.3327e+021
1.052,4.5946e+019,6.1599e+021
1.053,4.6277e+019,5.9934e+021
1.054,4.6606e+019,5.8331e+021
1.055,4.6933e+019,5.678e+021
1.056,4.7258e+019,5.5287e+021
1.057,4.7581e+019,5.3842e+021
1.058,4.7902e+019,5.2447e+021
1.059,4.822e+019,5.1096e+021
1.06,4.8536e+019,4.9791e+021
1.061,4.8849e+019,4.8526e+021
1.062,4.9159e+019,4.7302e+021
1.063,4.9466e+019,4.6117e+021
1.064,4.9771e+019,4.4967e+021
1.065,5.0072e+019,4.3853e+021
1.066,5.0371e+019,4.2773e+021
1.067,5.0665e+019,4.1724e+021
1.068,5.0957e+019,4.0707e+021
1.069,5.1245e+019,3.9719e+021
1.07,5.1529e+019,3.8759e+021
1.071,5.181e+019,3.7827e+021
1.072,5.2086e+019,3.6921e+021
1.073,5.2359e+019,3.604e+021
1.074,5.2627e+019,3.5184e+021
1.075,5.2891e+019,3.4351e+021
1.076,5.3151e+019,3.3541e+021
1.077,5.3407e+019,3.2753e+021
1.078,5.3657e+019,3.1986e+021
1.079,5.3904e+019,3.1239e+021
1.08,5.4145e+019,3.0512e+021
1.081,5.4381e+019,2.9804e+021
1.082,5.4613e+019,2.9114e+021
1.083,5.4839e+019,2.8442e+021
1.084,5.506e+019,2.7787e+021
1.085,5.5275e+019,2.7149e+021
1.086,5.5486e+019,2.6527e+021
1.087,5.569e+019,2.5921e+021
1.088,5.5889e+019,2.5329e+021
1.089,5.6082e+019,2.4753e+021
1.09,5.627e+019,2.419e+021
1.091,5.6451e+019,2.3642e+021
1.092,5.6627e+019,2.3107e+021
1.093,5.6796e+019,2.2585e+021
1.094,5.6959e+019,2.2076e+021
1.095,5.7116e+019,2.1579e+021
1.096,5.7266e+019,2.1093e+021
1.097,5.741e+019,2.0621e+021
1.098,5.7547e+019,2.0158e+021
1.099,5.7678e+019,1.9707e+021
1.1,5.7802e+019,1.9267e+021
1.101,5.792e+019,1.8836e+021
1.102,5.803e+019,1.8416e+021
1.103,5.8134e+019,1.8006e+021
1.104,5.823e+019,1.7605e+021
1.105,5.832e+019,1.7214e+021
1.106,5.8403e+019,1.6832e+021
1.107,5.8478e+019,1.6458e+021
1.108,5.8547e+019,1.6093e+021
1.109,5.8608e+019,1.5737e+021
1.11,5.8662e+019,1.5388e+021
1.111,5.8708e+019,1.5048e+021
1.112,5.8748e+019,1.4716e+021
1.113,5.878e+019,1.439e+021
1.114,5.8805e+019,1.4073e+021
1.115,5.8822e+019,1.3762e+021
1.116,5.8832e+019,1.3459e+021
1.117,5.8834e+019,1.3162e+021
1.118,5.883e+019,1.2873e+021
1.119,5.8817e+019,1.2589e+021
1.12,5.8798e+019,1.2312e+021
1.121,5.877e+019,1.2042e+021
1.122,5.8736e+019,1.1777e+021
1.123,5.8694e+019,1.1518e+021
1.124,5.8645e+019,1.1265e+021
1.125,5.8588e+019,1.1018e+021
1.126,5.8524e+019,1.0776e+021
1.127,5.8453e+019,1.054e+021
1.128,5.8374e+019,1.0309e+021
1.129,5.8288e+019,1.0082e+021
1.13,5.8195e+019,9.8616e+020
1.131,5.8095e+019,9.6452e+020
1.132,5.7987e+019,9.4341e+020
1.133,5.7873e+019,9.2272e+020
1.134,5.7751e+019,9.0253e+020
1.135,5.7623e+019,8.8274e+020
1.136,5.7488e+019,8.6344e+020
1.137,5.7345e+019,8.4451e+020
1.138,5.7196e+019,8.2606e+020
1.139,5.704e+019,8.0795e+020
1.14,5.6878e+019,7.9029e+020
1.141,5.6709e+019,7.7297e+020
1.142,5.6534e+019,7.5609e+020
1.143,5.6352e+019,7.3955e+020
1.144,5.6164e+019,7.2336e+020
1.145,5.5969e+019,7.0755e+020
1.146,5.5768e+019,6.9206e+020
1.147,5.5562e+019,6.7693e+020
1.148,5.5349e+019,6.6211e+020
1.149,5.5131e+019,6.4764e+020
1.15,5.4906e+019,6.3346e+020
1.151,5.4676e+019,6.1961e+020
1.152,5.4441e+019,6.0605e+020
1.153,5.42e+019,5.928e+020
1.154,5.3953e+019,5.7982e+020
1.155,5.3702e+019,5.6715e+020
1.156,5.3445e+019,5.5473e+020
1.157,5.3183e+019,5.426e+020
1.158,5.2916e+019,5.3072e+020
1.159,5.2645e+019,5.1912e+020
1.16,5.2369e+019,5.0775e+020
1.161,5.2088e+019,4.9664e+020
1.162,5.1803e+019,4.8576e+020
1.163,5.1514e+019,4.7514e+020
1.164,5.122e+019,4.6473e+020
1.165,5.0922e+019,4.5457e+020
1.166,5.062e+019,4.446e+020
1.167,5.0315e+019,4.3488e+020
1.168,5.0006e+019,4.2534e+020
1.169,4.9693e+019,4.1604e+020
1.17,4.9376e+019,4.0691e+020
1.171,4.9057e+019,3.9801e+020
1.172,4.8734e+019,3.8928e+020
1.173,4.8408e+019,3.8076e+020
1.174,4.8079e+019,3.724e+020
1.175,4.7747e+019,3.6425e+020
1.176,4.7413e+019,3.5626e+020
1.177,4.7076e+019,3.4845e+020
1.178,4.6736e+019,3.408e+020
1.179,4.6394e+019,3.3334e+020
1.18,4.605e+019,3.2602e+020
1.181,4.5704e+019,3.1888e+020
1.182,4.5355e+019,3.1187e+020
1.183,4.5005e+019,3.0504e+020
1.184,4.4654e+019,2.9835e+020
1.185,4.43e+019,2.9179e+020
1.186,4.3945e+019,2.8539e+020
1.187,4.3588e+019,2.7912e+020
1.188,4.323e+019,2.7299e+020
1.189,4.2871e+019,2.6699e+020
1.19,4.2511e+019,2.6113e+020
1.191,4.215e+019,2.5538e+020
1.192,4.1788e+019,2.4978e+020
1.193,4.1425e+019,2.4428e+020
1.194,4.1062e+019,2.3891e+020
1.195,4.0698e+019,2.3365e+020
1.196,4.0334e+019,2.2852e+020
1.197,3.9969e+019,2.2349e+020
1.198,3.9604e+019,2.1858e+020
1.199,3.9238e+019,2.1376e+020
1.2,3.8873e+019,2.0906e+020
1.201,3.8508e+019,2.0445e+020
1.202,3.8143e+019,1.9995e+020
1.203,3.7778e+019,1.9554e+020
1.204,3.7413e+019,1.9124e+020
1.205,3.7049e+019,1.8702e+020
1.206,3.6685e+019,1.8291e+020
1.207,3.6322e+019,1.7887e+020
1.208,3.596e+019,1.7493e+020
1.209,3.5597e+019,1.7107e+020
1.21,3.5237e+019,1.673e+020
1.211,3.4876e+019,1.636e+020
1.212,3.4517e+019,1.6e+020
1.213,3.4158e+019,1.5646e+020
1.214,3.3801e+019,1.5301e+020
1.215,3.3445e+019,1.4963e+020
1.216,3.309e+019,1.4633e+020
1.217,3.2736e+019,1.4309e+020
1.218,3.2384e+019,1.3993e+020
1.219,3.2033e+019,1.3683e+020
1.22,3.1683e+019,1.3381e+020
1.221,3.1335e+019,1.3085e+020
1.222,3.0989e+019,1.2796e+020
1.223,3.0643e+019,1.2513e+020
1.224,3.0301e+019,1.2236e+020
1.225,2.9959e+019,1.1965e+020
1.226,2.9619e+019,1.1701e+020
1.227,2.9282e+019,1.1442e+020
1.228,2.8945e+019,1.1188e+020
1.229,2.8611e+019,1.094e+020
1.23,2.8278e+019,1.0698e+020
1.231,2.7948e+019,1.0461e+020
1.232,2.7619e+019,1.0229e+020
1.233,2.7293e+019,1.0002e+020
1.234,2.6968e+019,9.7802e+019
1.235,2.6647e+019,9.5635e+019
1.236,2.6326e+019,9.351e+019
1.237,2.6008e+019,9.1437e+019
1.238,2.5692e+019,8.9405e+019
1.239,2.5379e+019,8.7422e+019
1.24,2.5067e+019,8.5478e+019
1.241,2.4758e+019,8.3581e+019
1.242,2.4451e+019,8.1721e+019
1.243,2.4147e+019,7.9907e+019
1.244,2.3844e+019,7.8128e+019
1.245,2.3545e+019,7.6393e+019
1.246,2.3246e+019,7.4691e+019
1.247,2.2952e+019,7.3031e+019
1.248,2.2658e+019,7.1404e+019
1.249,2.2368e+019,6.9816e+019
1.25,2.208e+019,6.8259e+019
1.251,2.1795e+019,6.6741e+019
1.252,2.1511e+019,6.5252e+019
1.253,2.1231e+019,6.38e+019
1.254,2.0952e+019,6.2376e+019
1.255,2.0676e+019,6.0987e+019
1.256,2.0402e+019,5.9625e+019
1.257,2.0132e+019,5.8297e+019
1.258,1.9862e+019,5.6994e+019
1.259,1.9597e+019,5.5723e+019
1.26,1.9333e+019,5.4477e+019
1.261,1.9072e+019,5.3262e+019
1.262,1.8813e+019,5.2071e+019
1.263,1.8557e+019,5.0909e+019
1.264,1.8302e+019,4.9769e+019
1.265,1.8052e+019,4.8658e+019
1.266,1.7802e+019,4.7568e+019
1.267,1.7556e+019,4.6506e+019
1.268,1.7313e+019,4.5466e+019
1.269,1.7071e+019,4.4447e+019
1.27,1.6832e+019,4.3453e+019
1.271,1.6595e+019,4.2479e+019
1.272,1.6361e+019,4.1528e+019
1.273,1.6129e+019,4.0596e+019
1.274,1.59e+019,3.9687e+019
1.275,1.5672e+019,3.8796e+019
1.276,1.5448e+019,3.7927e+019
1.277,1.5225e+019,3.7075e+019
1.278,1.5005e+019,3.6244e+019
1.279,1.4787e+019,3.5429e+019
1.28,1.4572e+019,3.4634e+019
1.281,1.4359e+019,3.3855e+019
1.282,1.4149e+019,3.3095e+019
1.283,1.394e+019,3.235e+019
1.284,1.3734e+019,3.1624e+019
1.285,1.353e+019,3.0911e+019
1.286,1.3329e+019,3.0217e+019
1.287,1.3129e+019,2.9536e+019
1.288,1.2933e+019,2.8872e+019
1.289,1.2738e+019,2.822e+019
1.29,1.2546e+019,2.7585e+019
1.291,1.2355e+019,2.6962e+019
1.292,1.2167e+019,2.6355e+019
1.293,1.1981e+019,2.576e+019
1.294,1.1798e+019,2.518e+019
1.295,1.1616e+019,2.461e+019
1.296,1.1437e+019,2.4056e+019
1.297,1.1259e+019,2.3511e+019
1.298,1.1084e+019,2.2981e+019
1.299,1.091e+019,2.2461e+019
1.3,1.074e+019,2.1954e+019
1.301,1.057e+019,2.1456e+019
1.302,1.0404e+019,2.0971e+019
1.303,1.0239e+019,2.0496e+019
1.304,1.0076e+019,2.0032e+019
1.305,9.9149e+018,1.9578e+019
1.306,9.7568e+018,1.9135e+019
1.307,9.5992e+018,1.87e+019
1.308,9.445e+018,1.8277e+019
1.309,9.2914e+018,1.7861e+019
1.31,9.141e+018,1.7457e+019
1.311,8.9924e+018,1.7061e+019
1.312,8.8447e+018,1.6673e+019
1.313,8.6999e+018,1.6294e+019
1.314,8.556e+018,1.5923e+019
1.315,8.4149e+018,1.5561e+019
1.316,8.2747e+018,1.5207e+019
1.317,8.1373e+018,1.4861e+019
1.318,8.0008e+018,1.4522e+019
1.319,7.867e+018,1.4192e+019
1.32,7.734e+018,1.3868e+019
1.321,7.6038e+018,1.3552e+019
1.322,7.4744e+018,1.3242e+019
1.323,7.3476e+018,1.2941e+019
1.324,7.2217e+018,1.2645e+019
1.325,7.0984e+018,1.2356e+019
1.326,6.9759e+018,1.2073e+019
1.327,6.856e+018,1.1798e+019
1.328,6.7368e+018,1.1527e+019
1.329,6.6202e+018,1.1264e+019
1.33,6.5043e+018,1.1006e+019
1.331,6.391e+018,1.0754e+019
1.332,6.2783e+018,1.0507e+019
1.333,6.1682e+018,1.0267e+019
1.334,6.0588e+018,1.0031e+019
1.335,5.9518e+018,9.8008e+018
1.336,5.8455e+018,9.5753e+018
1.337,5.7416e+018,9.3558e+018
1.338,5.6383e+018,9.1403e+018
1.339,5.5374e+018,8.9305e+018
1.34,5.4372e+018,8.7246e+018
1.341,5.3393e+018,8.5242e+018
1.342,5.242e+018,8.3275e+018
1.343,5.147e+018,8.136e+018
1.344,5.0526e+018,7.948e+018
1.345,4.9604e+018,7.7651e+018
1.346,4.8689e+018,7.5855e+018
1.347,4.7795e+018,7.4107e+018
1.348,4.6908e+018,7.2391e+018
1.349,4.6041e+018,7.0722e+018
1.35,4.5181e+018,6.9082e+018
1.351,4.4341e+018,6.7487e+018
1.352,4.3514e+018,6.5927e+018
1.353,4.2694e+018,6.4398e+018
1.354,4.1892e+018,6.2908e+018
1.355,4.1098e+018,6.1447e+018
1.356,4.0322e+018,6.0023e+018
1.357,3.9553e+018,5.8628e+018
1.358,3.8802e+018,5.7268e+018
1.359,3.8058e+018,5.5935e+018
1.36,3.7331e+018,5.4637e+018
1.361,3.661e+018,5.3363e+018
1.362,3.5907e+018,5.2123e+018
1.363,3.521e+018,5.0907e+018
1.364,3.453e+018,4.9723e+018
1.365,3.3856e+018,4.8561e+018
1.366,3.3198e+018,4.743e+018
1.367,3.2546e+018,4.6321e+018
1.368,3.1911e+018,4.5241e+018
1.369,3.1281e+018,4.4181e+018
1.37,3.0666e+018,4.315e+018
1.371,3.0058e+018,4.2138e+018
1.372,2.9464e+018,4.1153e+018
1.373,2.8876e+018,4.0187e+018
1.374,2.8303e+018,3.9247e+018
1.375,2.7736e+018,3.8324e+018
1.376,2.7182e+018,3.7427e+018
1.377,2.6634e+018,3.6546e+018
1.378,2.61e+018,3.5689e+018
1.379,2.5571e+018,3.4848e+018
1.38,2.5055e+018,3.403e+018
1.381,2.4545e+018,3.3227e+018
1.382,2.4048e+018,3.2446e+018
1.383,2.3556e+018,3.1679e+018
1.384,2.3076e+018,3.0933e+018
1.385,2.2601e+018,3.0202e+018
1.386,2.2139e+018,2.949e+018
1.387,2.1681e+018,2.8791e+018
1.388,2.1236e+018,2.8112e+018
1.389,2.0795e+018,2.7445e+018
1.39,2.0365e+018,2.6797e+018
1.391,1.994e+018,2.616e+018
1.392,1.9526e+018,2.5542e+018
1.393,1.9117e+018,2.4934e+018
1.394,1.8719e+018,2.4343e+018
1.395,1.8327e+018,2.3766e+018
1.396,1.7941e+018,2.32e+018
1.397,1.7564e+018,2.2649e+018
1.398,1.7192e+018,2.2109e+018
1.399,1.6829e+018,2.1583e+018
1.4,1.6471e+018,2.1068e+018
1.401,1.6122e+018,2.0566e+018
1.402,1.5777e+018,2.0074e+018
1.403,1.5442e+018,1.9595e+018
1.404,1.511e+018,1.9126e+018
1.405,1.4787e+018,1.8669e+018
1.406,1.4469e+018,1.8222e+018
1.407,1.4158e+018,1.7786e+018
1.408,1.3852e+018,1.7359e+018
1.409,1.3553e+018,1.6943e+018
1.41,1.3258e+018,1.6535e+018
1.411,1.2972e+018,1.6139e+018
1.412,1.2688e+018,1.575e+018
1.413,1.2413e+018,1.5372e+018
1.414,1.2141e+018,1.5001e+018
1.415,1.1876e+018,1.464e+018
1.416,1.1615e+018,1.4286e+018
1.417,1.136e+018,1.3943e+018
1.418,1.1109e+018,1.3605e+018
1.419,1.0865e+018,1.3277e+018
1.42,1.0624e+018,1.2955e+018
1.421,1.039e+018,1.2642e+018
1.422,1.0158e+018,1.2335e+018
1.423,9.9333e+017,1.2037e+018
1.424,9.7113e+017,1.1744e+018
1.425,9.4954e+017,1.146e+018
1.426,9.2823e+017,1.118e+018
1.427,9.0752e+017,1.0909e+018
1.428,8.8707e+017,1.0643e+018
1.429,8.672e+017,1.0384e+018
1.43,8.4759e+017,1.013e+018
1.431,8.2854e+017,9.884e+017
1.432,8.0974e+017,9.6419e+017
1.433,7.9147e+017,9.4069e+017
1.434,7.7344e+017,9.1762e+017
1.435,7.5593e+017,8.9522e+017
1.436,7.3876e+017,8.7333e+017
1.437,7.2186e+017,8.5187e+017
1.438,7.0541e+017,8.31e+017
1.439,6.8921e+017,8.1055e+017
1.44,6.7345e+017,7.9066e+017
1.441,6.5793e+017,7.7117e+017
1.442,6.4283e+017,7.5221e+017
1.443,6.2796e+017,7.3363e+017
1.444,6.1351e+017,7.1557e+017
1.445,5.9927e+017,6.9787e+017
1.446,5.8542e+017,6.8066e+017
1.447,5.7179e+017,6.6378e+017
1.448,5.5853e+017,6.4739e+017
1.449,5.4548e+017,6.3131e+017
1.45,5.3279e+017,6.1569e+017
1.451,5.2029e+017,6.0037e+017
1.452,5.0815e+017,5.8549e+017
1.453,4.9619e+017,5.7089e+017
1.454,4.8458e+017,5.5672e+017
1.455,4.7313e+017,5.4281e+017
1.456,4.6201e+017,5.2931e+017
1.457,4.5106e+017,5.1606e+017
1.458,4.4043e+017,5.0319e+017
1.459,4.2995e+017,4.9057e+017
1.46,4.1978e+017,4.7832e+017
1.461,4.0976e+017,4.663e+017
1.462,4.0003e+017,4.5463e+017
1.463,3.9045e+017,4.4317e+017
1.464,3.8115e+017,4.3206e+017
1.465,3.7198e+017,4.2115e+017
1.466,3.6309e+017,4.1057e+017
1.467,3.5433e+017,4.0018e+017
1.468,3.4583e+017,3.901e+017
1.469,3.3745e+017,3.8021e+017
1.47,3.2933e+017,3.7061e+017
1.471,3.2132e+017,3.6119e+017
1.472,3.1356e+017,3.5205e+017
1.473,3.0591e+017,3.4308e+017
1.474,2.9849e+017,3.3438e+017
1.475,2.9119e+017,3.2584e+017
1.476,2.841e+017,3.1755e+017
1.477,2.7712e+017,3.0942e+017
1.478,2.7035e+017,3.0154e+017
1.479,2.6373e+017,2.9384e+017
1.48,2.5722e+017,2.8629e+017
1.481,2.509e+017,2.7896e+017
1.482,2.4468e+017,2.7178e+017
1.483,2.3865e+017,2.6481e+017
1.484,2.3271e+017,2.5797e+017
1.485,2.2695e+017,2.5134e+017
1.486,2.2129e+017,2.4483e+017
1.487,2.1579e+017,2.3852e+017
1.488,2.1039e+017,2.3233e+017
1.489,2.0514e+017,2.2633e+017
1.49,1.9999e+017,2.2044e+017
1.491,1.9498e+017,2.1473e+017
1.492,1.9007e+017,2.0913e+017
1.493,1.8529e+017,2.0369e+017
1.494,1.806e+017,1.9837e+017
1.495,1.7605e+017,1.932e+017
1.496,1.7158e+017,1.8813e+017
1.497,1.6724e+017,1.8322e+017
1.498,1.6298e+017,1.784e+017
1.499,1.5884e+017,1.7373e+017
1.5,1.5478e+017,1.6915e+017
1.501,1.5084e+017,1.6471e+017
1.502,1.4697e+017,1.6036e+017
1.503,1.4322e+017,1.5614e+017
1.504,1.3953e+017,1.5201e+017
1.505,1.3595e+017,1.4799e+017
1.506,1.3244e+017,1.4406e+017
1.507,1.2903e+017,1.4025e+017
1.508,1.2569e+017,1.3652e+017
1.509,1.2244e+017,1.329e+017
1.51,1.1926e+017,1.2935e+017
1.511,1.1617e+017,1.2591e+017
1.512,1.1314e+017,1.2254e+017
1.513,1.102e+017,1.1927e+017
1.514,1.0731e+017,1.1607e+017
1.515,1.0452e+017,1.1297e+017
1.516,1.0177e+017,1.0993e+017
1.517,9.9112e+016,1.0698e+017
1.518,9.6501e+016,1.041e+017
1.519,9.397e+016,1.013e+017
1.52,9.1499e+016,9.8575e+016
1.521,8.9079e+016,9.5909e+016
1.522,8.6729e+016,9.3321e+016
1.523,8.4429e+016,9.0791e+016
1.524,8.2195e+016,8.8334e+016
1.525,8.0008e+016,8.5933e+016
1.526,7.7884e+016,8.3603e+016
1.527,7.5806e+016,8.1325e+016
1.528,7.3788e+016,7.9114e+016
1.529,7.1813e+016,7.6953e+016
1.53,6.9895e+016,7.4855e+016
1.531,6.8019e+016,7.2806e+016
1.532,6.6198e+016,7.0817e+016
1.533,6.4415e+016,6.8873e+016
1.534,6.2685e+016,6.6987e+016
1.535,6.0992e+016,6.5144e+016
1.536,5.935e+016,6.3356e+016
1.537,5.7742e+016,6.1608e+016
1.538,5.6183e+016,5.9913e+016
1.539,5.4657e+016,5.8257e+016
1.54,5.3177e+016,5.6651e+016
1.541,5.1729e+016,5.5081e+016
1.542,5.0324e+016,5.3559e+016
1.543,4.8949e+016,5.2071e+016
1.544,4.7617e+016,5.0629e+016
1.545,4.6313e+016,4.9219e+016
1.546,4.5048e+016,4.7853e+016
1.547,4.3811e+016,4.6518e+016
1.548,4.2612e+016,4.5223e+016
1.549,4.1439e+016,4.3959e+016
1.55,4.0302e+016,4.2733e+016
1.551,3.9189e+016,4.1535e+016
1.552,3.8111e+016,4.0374e+016
1.553,3.7056e+016,3.924e+016
1.554,3.6034e+016,3.8141e+016
1.555,3.5034e+016,3.7067e+016
1.556,3.4065e+016,3.6027e+016
1.557,3.3118e+016,3.5011e+016
1.558,3.2199e+016,3.4026e+016
1.559,3.1302e+016,3.3064e+016
1.56,3.0432e+016,3.2132e+016
1.561,2.9581e+016,3.1222e+016
1.562,2.8757e+016,3.034e+016
1.563,2.7954e+016,2.9481e+016
1.564,2.7171e+016,2.8644e+016
1.565,2.641e+016,2.7832e+016
1.566,2.5668e+016,2.704e+016
1.567,2.4948e+016,2.6272e+016
1.568,2.4246e+016,2.5523e+016
1.569,2.3564e+016,2.4796e+016
1.57,2.2899e+016,2.4088e+016
1.571,2.2254e+016,2.34e+016
1.572,2.1624e+016,2.2731e+016
1.573,2.1014e+016,2.2081e+016
1.574,2.0418e+016,2.1447e+016
1.575,1.984e+016,2.0833e+016
1.576,1.9276e+016,2.0235e+016
1.577,1.873e+016,1.9654e+016
1.578,1.8196e+016,1.9088e+016
1.579,1.7679e+016,1.8539e+016
1.58,1.7174e+016,1.8005e+016
1.581,1.6685e+016,1.7486e+016
1.582,1.6208e+016,1.6981e+016
1.583,1.5745e+016,1.6491e+016
1.584,1.5294e+016,1.6013e+016
1.585,1.4857e+016,1.555e+016
1.586,1.443e+016,1.5099e+016
1.587,1.4016e+016,1.4662e+016
1.588,1.3613e+016,1.4236e+016
1.589,1.3222e+016,1.3823e+016
1.59,1.2841e+016,1.342e+016
1.591,1.2471e+016,1.303e+016
1.592,1.2111e+016,1.265e+016
1.593,1.1762e+016,1.2282e+016
1.594,1.1421e+016,1.1923e+016
1.595,1.1091e+016,1.1575e+016
1.596,1.0769e+016,1.1237e+016
1.597,1.0458e+016,1.0908e+016
1.598,1.0154e+016,1.0588e+016
1.599,9.8594e+015,1.0279e+016
1.6,9.5722e+015,9.9767e+015
1.601,9.2942e+015,9.6843e+015
1.602,9.023e+015,9.3994e+015
1.603,8.7604e+015,9.1235e+015
1.604,8.5044e+015,8.8546e+015
1.605,8.2564e+015,8.5942e+015
1.606,8.0154e+015,8.3412e+015
1.607,7.7806e+015,8.0949e+015
1.608,7.553e+015,7.8561e+015
1.609,7.3314e+015,7.6238e+015
1.61,7.1166e+015,7.3986e+015
1.611,6.9074e+015,7.1794e+015
1.612,6.7046e+015,6.967e+015
1.613,6.5072e+015,6.7603e+015
1.614,6.3159e+015,6.56e+015
1.615,6.1296e+015,6.3651e+015
1.616,5.949e+015,6.1762e+015
1.617,5.7733e+015,5.9924e+015
1.618,5.603e+015,5.8143e+015
1.619,5.4371e+015,5.641e+015
1.62,5.2765e+015,5.4731e+015
1.621,5.12e+015,5.3097e+015
1.622,4.9685e+015,5.1514e+015
1.623,4.821e+015,4.9974e+015
1.624,4.6781e+015,4.8482e+015
1.625,4.5389e+015,4.7031e+015
1.626,4.4042e+015,4.5625e+015
1.627,4.273e+015,4.4257e+015
1.628,4.1459e+015,4.2932e+015
1.629,4.0222e+015,4.1643e+015
1.63,3.9024e+015,4.0394e+015
1.631,3.7858e+015,3.918e+015
1.632,3.6729e+015,3.8003e+015
1.633,3.563e+015,3.6859e+015
1.634,3.4565e+015,3.5751e+015
1.635,3.3529e+015,3.4673e+015
1.636,3.2526e+015,3.3629e+015
1.637,3.155e+015,3.2614e+015
1.638,3.0604e+015,3.163e+015
1.639,2.9684e+015,3.0674e+015
1.64,2.8794e+015,2.9748e+015
1.641,2.7927e+015,2.8847e+015
1.642,2.7088e+015,2.7975e+015
1.643,2.6271e+015,2.7127e+015
1.644,2.5481e+015,2.6306e+015
1.645,2.4711e+015,2.5508e+015
1.646,2.3967e+015,2.4735e+015
1.647,2.3244e+015,2.3984e+015
1.648,2.2541e+015,2.3255e+015
1.649,2.186e+015,2.2549e+015
1.65,2.1198e+015,2.1862e+015
1.651,2.0557e+015,2.1197e+015
1.652,1.9933e+015,2.0551e+015
1.653,1.933e+015,1.9925e+015
1.654,1.8743e+015,1.9317e+015
1.655,1.8174e+015,1.8728e+015
1.656,1.7621e+015,1.8156e+015
1.657,1.7086e+015,1.7602e+015
1.658,1.6566e+015,1.7063e+015
1.659,1.6062e+015,1.6542e+015
1.66,1.5573e+015,1.6035e+015
1.661,1.5099e+015,1.5545e+015
1.662,1.4638e+015,1.5068e+015
1.663,1.4191e+015,1.4606e+015
1.664,1.3758e+015,1.4158e+015
1.665,1.3338e+015,1.3723e+015
1.666,1.293e+015,1.3302e+015
1.667,1.2534e+015,1.2893e+015
1.668,1.215e+015,1.2496e+015
1.669,1.1779e+015,1.2112e+015
1.67,1.1417e+015,1.1739e+015
1.671,1.1067e+015,1.1378e+015
1.672,1.0728e+015,1.1027e+015
1.673,1.0399e+015,1.0687e+015
1.674,1.0079e+015,1.0357e+015
1.675,9.7692e+014,1.0038e+015
1.676,9.4684e+014,9.7272e+014
1.677,9.1774e+014,9.4269e+014
1.678,8.8945e+014,9.1351e+014
1.679,8.6207e+014,8.8527e+014
1.68,8.3547e+014,8.5784e+014
1.681,8.0972e+014,8.313e+014
1.682,7.8471e+014,8.0551e+014
1.683,7.605e+014,7.8056e+014
1.684,7.3698e+014,7.5632e+014
1.685,7.1422e+014,7.3287e+014
1.686,6.921e+014,7.1009e+014
1.687,6.707e+014,6.8805e+014
1.688,6.4991e+014,6.6664e+014
1.689,6.298e+014,6.4593e+014
1.69,6.1029e+014,6.2584e+014
1.691,5.9134e+014,6.0634e+014
1.692,5.7301e+014,5.8747e+014
1.693,5.552e+014,5.6915e+014
1.694,5.3796e+014,5.5141e+014
1.695,5.2123e+014,5.342e+014
1.696,5.0503e+014,5.1754e+014
1.697,4.893e+014,5.0136e+014
1.698,4.7408e+014,4.8571e+014
1.699,4.593e+014,4.7052e+014
1.7,4.45e+014,4.5581e+014
1.701,4.3112e+014,4.4154e+014
1.702,4.1768e+014,4.2773e+014
1.703,4.0463e+014,4.1432e+014
1.704,3.9201e+014,4.0135e+014
1.705,3.7975e+014,3.8876e+014
1.706,3.6789e+014,3.7658e+014
1.707,3.5637e+014,3.6475e+014
1.708,3.4523e+014,3.5331e+014
1.709,3.3441e+014,3.422e+014
1.71,3.2395e+014,3.3146e+014
1.711,3.1379e+014,3.2103e+014
1.712,3.0396e+014,3.1094e+014
1.713,2.9442e+014,3.0115e+014
1.714,2.8519e+014,2.9168e+014
1.715,2.7622e+014,2.8249e+014
1.716,2.6756e+014,2.7359e+014
1.717,2.5914e+014,2.6496e+014
1.718,2.51e+014,2.5661e+014
1.719,2.431e+014,2.4851e+014
1.72,2.3546e+014,2.4067e+014
1.721,2.2804e+014,2.3307e+014
1.722,2.2086e+014,2.2571e+014
1.723,2.1389e+014,2.1857e+014
1.724,2.0716e+014,2.1166e+014
1.725,2.0062e+014,2.0496e+014
1.726,1.9429e+014,1.9848e+014
1.727,1.8815e+014,1.9219e+014
1.728,1.8221e+014,1.8611e+014
1.729,1.7645e+014,1.8021e+014
1.73,1.7088e+014,1.745e+014
1.731,1.6548e+014,1.6897e+014
1.732,1.6024e+014,1.6361e+014
1.733,1.5517e+014,1.5842e+014
1.734,1.5025e+014,1.5338e+014
1.735,1.455e+014,1.4851e+014
1.736,1.4088e+014,1.4379e+014
1.737,1.3642e+014,1.3922e+014
1.738,1.3209e+014,1.3479e+014
1.739,1.279e+014,1.3051e+014
1.74,1.2384e+014,1.2635e+014
1.741,1.1991e+014,1.2233e+014
1.742,1.1609e+014,1.1843e+014
1.743,1.1241e+014,1.1466e+014
1.744,1.0883e+014,1.11e+014
1.745,1.0537e+014,1.0746e+014
1.746,1.0201e+014,1.0403e+014
1.747,9.8768e+013,1.0071e+014
1.748,9.562e+013,9.7497e+013
1.749,9.2575e+013,9.4385e+013
1.75,8.9622e+013,9.1367e+013
1.751,8.6766e+013,8.8448e+013
1.752,8.3996e+013,8.5618e+013
1.753,8.1318e+013,8.2881e+013
1.754,7.872e+013,8.0227e+013
1.755,7.6207e+013,7.766e+013
1.756,7.377e+013,7.5172e+013
1.757,7.1414e+013,7.2765e+013
1.758,6.9129e+013,7.0431e+013
1.759,6.6919e+013,6.8175e+013
1.76,6.4776e+013,6.5987e+013
1.761,6.2704e+013,6.3871e+013
1.762,6.0694e+013,6.182e+013
1.763,5.8751e+013,5.9836e+013
1.764,5.6867e+013,5.7913e+013
1.765,5.5045e+013,5.6053e+013
1.766,5.3278e+013,5.4251e+013
1.767,5.157e+013,5.2507e+013
1.768,4.9914e+013,5.0817e+013
1.769,4.8312e+013,4.9183e+013
1.77,4.6759e+013,4.7599e+013
1.771,4.5258e+013,4.6068e+013
1.772,4.3802e+013,4.4583e+013
1.773,4.2395e+013,4.3147e+013
1.774,4.1032e+013,4.1757e+013
1.775,3.9711e+013,4.041e+013
1.776,3.8434e+013,3.9108e+013
1.777,3.7195e+013,3.7845e+013
1.778,3.5998e+013,3.6624e+013
1.779,3.4837e+013,3.5441e+013
1.78,3.3715e+013,3.4297e+013
1.781,3.2627e+013,3.3189e+013
1.782,3.1575e+013,3.2116e+013
1.783,3.0556e+013,3.1078e+013
1.784,2.957e+013,3.0073e+013
1.785,2.8615e+013,2.91e+013
1.786,2.7691e+013,2.8159e+013
1.787,2.6796e+013,2.7247e+013
1.788,2.593e+013,2.6365e+013
1.789,2.5092e+013,2.551e+013
1.79,2.4281e+013,2.4684e+013
1.791,2.3495e+013,2.3884e+013
1.792,2.2735e+013,2.311e+013
1.793,2.1998e+013,2.236e+013
1.794,2.1286e+013,2.1635e+013
1.795,2.0596e+013,2.0932e+013
1.796,1.9929e+013,2.0253e+013
1.797,1.9283e+013,1.9595e+013
1.798,1.8658e+013,1.8959e+013
1.799,1.8052e+013,1.8342e+013
1.8,1.7467e+013,1.7747e+013
1.801,1.69e+013,1.7169e+013
1.802,1.6351e+013,1.6611e+013
1.803,1.582e+013,1.607e+013
1.804,1.5306e+013,1.5548e+013
1.805,1.4808e+013,1.5041e+013
1.806,1.4327e+013,1.4552e+013
1.807,1.3861e+013,1.4078e+013
1.808,1.3411e+013,1.3619e+013
1.809,1.2974e+013,1.3175e+013
1.81,1.2552e+013,1.2746e+013
1.811,1.2143e+013,1.233e+013
1.812,1.1748e+013,1.1928e+013
1.813,1.1365e+013,1.1538e+013
1.814,1.0995e+013,1.1162e+013
1.815,1.0636e+013,1.0798e+013
1.816,1.0289e+013,1.0445e+013
1.817,9.954e+012,1.0104e+013
1.818,9.6291e+012,9.7736e+012
1.819,9.315e+012,9.4543e+012
1.82,9.0107e+012,9.145e+012
1.821,8.7166e+012,8.8461e+012
1.822,8.4318e+012,8.5566e+012
1.823,8.1564e+012,8.2767e+012
1.824,7.8897e+012,8.0057e+012
1.825,7.6319e+012,7.7437e+012
1.826,7.3822e+012,7.4899e+012
1.827,7.1408e+012,7.2447e+012
1.828,6.9071e+012,7.0072e+012
1.829,6.6811e+012,6.7776e+012
1.83,6.4623e+012,6.5553e+012
1.831,6.2508e+012,6.3404e+012
1.832,6.0459e+012,6.1323e+012
1.833,5.8479e+012,5.9312e+012
1.834,5.6561e+012,5.7365e+012
1.835,5.4708e+012,5.5482e+012
1.836,5.2913e+012,5.3659e+012
1.837,5.1178e+012,5.1898e+012
1.838,4.9498e+012,5.0192e+012
1.839,4.7875e+012,4.8543e+012
1.84,4.6302e+012,4.6946e+012
1.841,4.4783e+012,4.5403e+012
1.842,4.3311e+012,4.3909e+012
1.843,4.1889e+012,4.2466e+012
1.844,4.0511e+012,4.1067e+012
1.845,3.918e+012,3.9716e+012
1.846,3.7891e+012,3.8408e+012
1.847,3.6646e+012,3.7144e+012
1.848,3.544e+012,3.592e+012
1.849,3.4274e+012,3.4737e+012
1.85,3.3145e+012,3.3591e+012
1.851,3.2055e+012,3.2485e+012
1.852,3.0998e+012,3.1413e+012
1.853,2.9978e+012,3.0377e+012
1.854,2.899e+012,2.9375e+012
1.855,2.8035e+012,2.8406e+012
1.856,2.711e+012,2.7468e+012
1.857,2.6217e+012,2.6561e+012
1.858,2.5352e+012,2.5685e+012
1.859,2.4516e+012,2.4836e+012
1.86,2.3707e+012,2.4016e+012
1.861,2.2924e+012,2.3222e+012
1.862,2.2168e+012,2.2454e+012
1.863,2.1435e+012,2.1712e+012
1.864,2.0728e+012,2.0994e+012
1.865,2.0043e+012,2.0299e+012
1.866,1.938e+012,1.9628e+012
1.867,1.874e+012,1.8978e+012
1.868,1.812e+012,1.835e+012
1.869,1.7521e+012,1.7742e+012
1.87,1.6941e+012,1.7155e+012
1.871,1.6381e+012,1.6587e+012
1.872,1.5839e+012,1.6037e+012
1.873,1.5314e+012,1.5506e+012
1.874,1.4807e+012,1.4992e+012
1.875,1.4317e+012,1.4495e+012
1.876,1.3843e+012,1.4014e+012
1.877,1.3384e+012,1.3549e+012
1.878,1.2941e+012,1.31e+012
1.879,1.2511e+012,1.2665e+012
1.88,1.2097e+012,1.2245e+012
1.881,1.1695e+012,1.1838e+012
1.882,1.1308e+012,1.1445e+012
1.883,1.0932e+012,1.1065e+012
1.884,1.057e+012,1.0697e+012
1.885,1.0219e+012,1.0342e+012
1.886,9.8795e+011,9.998e+011
1.887,9.5512e+011,9.6655e+011
1.888,9.2341e+011,9.3442e+011
1.889,8.9272e+011,9.0333e+011
1.89,8.6307e+011,8.733e+011
1.891,8.3437e+011,8.4423e+011
1.892,8.0664e+011,8.1614e+011
1.893,7.798e+011,7.8896e+011
1.894,7.5388e+011,7.6271e+011
1.895,7.2879e+011,7.373e+011
1.896,7.0455e+011,7.1275e+011
1.897,6.8109e+011,6.8899e+011
1.898,6.5843e+011,6.6604e+011
1.899,6.3651e+011,6.4385e+011
1.9,6.153e+011,6.2238e+011
1.901,5.9482e+011,6.0163e+011
1.902,5.7499e+011,5.8156e+011
1.903,5.5584e+011,5.6217e+011
1.904,5.373e+011,5.4341e+011
1.905,5.1939e+011,5.2528e+011
1.906,5.0207e+011,5.0774e+011
1.907,4.8533e+011,4.9079e+011
1.908,4.6913e+011,4.744e+011
1.909,4.5348e+011,4.5856e+011
1.91,4.3834e+011,4.4324e+011
1.911,4.2372e+011,4.2843e+011
1.912,4.0956e+011,4.1411e+011
1.913,3.9589e+011,4.0027e+011
1.914,3.8266e+011,3.8689e+011
1.915,3.6989e+011,3.7395e+011
1.916,3.5752e+011,3.6144e+011
1.917,3.4558e+011,3.4936e+011
1.918,3.3402e+011,3.3766e+011
1.919,3.2286e+011,3.2637e+011
1.92,3.1205e+011,3.1544e+011
1.921,3.0162e+011,3.0488e+011
1.922,2.9153e+011,2.9467e+011
1.923,2.8178e+011,2.848e+011
1.924,2.7234e+011,2.7526e+011
1.925,2.6323e+011,2.6604e+011
1.926,2.5441e+011,2.5712e+011
1.927,2.4589e+011,2.4851e+011
1.928,2.3765e+011,2.4017e+011
1.929,2.297e+011,2.3212e+011
1.93,2.22e+011,2.2434e+011
1.931,2.1456e+011,2.1681e+011
1.932,2.0736e+011,2.0954e+011
1.933,2.0042e+011,2.0251e+011
1.934,1.9369e+011,1.9571e+011
1.935,1.872e+011,1.8914e+011
1.936,1.8092e+011,1.8279e+011
1.937,1.7485e+011,1.7665e+011
1.938,1.6898e+011,1.7072e+011
1.939,1.6331e+011,1.6499e+011
1.94,1.5782e+011,1.5944e+011
1.941,1.5253e+011,1.5409e+011
1.942,1.4741e+011,1.4891e+011
1.943,1.4245e+011,1.439e+011
1.944,1.3767e+011,1.3906e+011
1.945,1.3304e+011,1.3439e+011
1.946,1.2857e+011,1.2987e+011
1.947,1.2425e+011,1.255e+011
1.948,1.2007e+011,1.2128e+011
1.949,1.1603e+011,1.1719e+011
1.95,1.1213e+011,1.1325e+011
1.951,1.0836e+011,1.0944e+011
1.952,1.0471e+011,1.0575e+011
1.953,1.0119e+011,1.0219e+011
1.954,9.7784e+010,9.8748e+010
1.955,9.4492e+010,9.5421e+010
1.956,9.1311e+010,9.2207e+010
1.957,8.8235e+010,8.9098e+010
1.958,8.5264e+010,8.6096e+010
1.959,8.2391e+010,8.3193e+010
1.96,7.9616e+010,8.0388e+010
1.961,7.6932e+010,7.7677e+010
1.962,7.434e+010,7.5057e+010
1.963,7.1833e+010,7.2524e+010
1.964,6.9412e+010,7.0078e+010
1.965,6.7071e+010,6.7713e+010
1.966,6.4809e+010,6.5428e+010
1.967,6.2622e+010,6.3218e+010
1.968,6.051e+010,6.1085e+010
1.969,5.8467e+010,5.9021e+010
1.97,5.6495e+010,5.7028e+010
1.971,5.4587e+010,5.5101e+010
1.972,5.2745e+010,5.324e+010
1.973,5.0963e+010,5.1441e+010
1.974,4.9242e+010,4.9703e+010
1.975,4.7578e+010,4.8022e+010
1.976,4.5972e+010,4.6399e+010
1.977,4.4418e+010,4.483e+010
1.978,4.2917e+010,4.3314e+010
1.979,4.1466e+010,4.1848e+010
1.98,4.0064e+010,4.0433e+010
1.981,3.8709e+010,3.9065e+010
1.982,3.7401e+010,3.7743e+010
1.983,3.6135e+010,3.6465e+010
1.984,3.4913e+010,3.5231e+010
1.985,3.3732e+010,3.4039e+010
1.986,3.259e+010,3.2886e+010
1.987,3.1488e+010,3.1772e+010
1.988,3.0421e+010,3.0696e+010
1.989,2.9392e+010,2.9656e+010
1.99,2.8396e+010,2.8651e+010
1.991,2.7435e+010,2.768e+010
1.992,2.6505e+010,2.6742e+010
1.993,2.5608e+010,2.5835e+010
1.994,2.474e+010,2.4959e+010
1.995,2.3902e+010,2.4113e+010
1.996,2.3091e+010,2.3295e+010
1.997,2.2309e+010,2.2505e+010
1.998,2.1552e+010,2.1741e+010
1.999,2.0821e+010,2.1004e+010
2,2.0115e+010,2.0291e+010
